7.971873283386230469e-01,-2.041567325592041016e+00,-6.666955947875976562e+00,-6.077975273132324219e+00
1.042425751686096191e+00,1.916623711585998535e-01,-7.332913398742675781e+00,-8.931311607360839844e+00
9.266740083694458008e-01,-1.445984482765197754e+00,-7.497587203979492188e+00,-7.768966674804687500e+00
7.100055813789367676e-01,2.714860439300537109e-01,-8.506072998046875000e+00,-9.730926513671875000e+00
-8.160884976387023926e-01,-1.067577838897705078e+00,-6.986874103546142578e+00,-8.362747192382812500e+00
8.662962913513183594e-01,5.708025693893432617e-01,-7.269929885864257812e+00,-8.755802154541015625e+00
-7.694136500358581543e-01,1.834865093231201172e+00,-7.888218879699707031e+00,-8.078473091125488281e+00
1.917556405067443848e+00,-4.747904241085052490e-01,-6.522155284881591797e+00,-8.290891647338867188e+00
-1.514784812927246094e+00,3.221471309661865234e-01,-7.077547073364257812e+00,-8.869542121887207031e+00
-1.011126041412353516e+00,1.922860145568847656e+00,-7.018282890319824219e+00,-7.609413146972656250e+00
-3.815687894821166992e-01,2.879346609115600586e+00,-6.078724861145019531e+00,-5.418255805969238281e+00
5.483576655387878418e-01,1.673066735267639160e+00,-6.503957748413085938e+00,-7.363733291625976562e+00
-1.500235915184020996e+00,4.113635420799255371e-01,-6.325323104858398438e+00,-8.422920227050781250e+00
2.620401859283447266e+00,-1.272358655929565430e+00,-5.720301628112792969e+00,-6.532004833221435547e+00
1.010298490524291992e+00,-3.042062520980834961e-01,-7.553222656250000000e+00,-8.700774192810058594e+00
5.114376544952392578e-01,-1.177298665046691895e+00,-7.041670322418212891e+00,-7.712281227111816406e+00
1.319757580757141113e+00,-5.616977214813232422e-01,-7.243132114410400391e+00,-8.714651107788085938e+00
1.450183272361755371e+00,-4.959560930728912354e-01,-7.392935752868652344e+00,-8.611919403076171875e+00
-4.495441317558288574e-01,2.481046199798583984e+00,-8.056699752807617188e+00,-7.772608757019042969e+00
-8.201877474784851074e-01,-4.561132937669754028e-02,-7.473054409027099609e+00,-8.899228096008300781e+00
-5.452597141265869141e-01,-1.001477718353271484e+00,-6.716691970825195312e+00,-7.886201858520507812e+00
1.154753327369689941e+00,-1.309163272380828857e-01,-7.664894580841064453e+00,-9.291937828063964844e+00
-1.433758586645126343e-01,-9.690538048744201660e-01,-7.016099452972412109e+00,-7.563006401062011719e+00
1.270858407020568848e+00,1.414673328399658203e+00,-1.023649215698242188e+01,-1.036516189575195312e+01
-2.685109376907348633e-01,-1.069895982742309570e+00,-7.499009609222412109e+00,-7.921789646148681641e+00
-3.709051012992858887e-02,3.440444916486740112e-02,-9.002050399780273438e+00,-9.777778625488281250e+00
-2.724365592002868652e-01,2.309737443923950195e+00,-7.758788585662841797e+00,-7.650329589843750000e+00
1.179940819740295410e+00,-1.757053375244140625e+00,-7.643846035003662109e+00,-7.958448410034179688e+00
-1.595217227935791016e+00,-1.039370298385620117e+00,-6.805591106414794922e+00,-8.290769577026367188e+00
7.614874839782714844e-01,1.061733245849609375e+00,-8.108018875122070312e+00,-8.904695510864257812e+00
3.552916646003723145e-01,-1.887050390243530273e+00,-7.600303173065185547e+00,-6.624554634094238281e+00
5.514857172966003418e-01,-1.626058459281921387e+00,-7.437523841857910156e+00,-7.131348133087158203e+00
-1.344469785690307617e+00,-4.722843319177627563e-02,-6.903459548950195312e+00,-9.241866111755371094e+00
8.387088179588317871e-01,-9.476311802864074707e-01,-7.568527221679687500e+00,-8.309127807617187500e+00
-2.352504491806030273e+00,1.023364782333374023e+00,-7.758993148803710938e+00,-1.010551071166992188e+01
4.229080677032470703e-01,-6.277341842651367188e-01,-7.208484649658203125e+00,-8.261080741882324219e+00
-7.061994075775146484e-01,-1.838513255119323730e+00,-6.001141071319580078e+00,-5.500629901885986328e+00
-9.883692860603332520e-01,3.972587287425994873e-01,-7.698896884918212891e+00,-9.337882041931152344e+00
7.340806722640991211e-01,5.839177966117858887e-01,-7.241248130798339844e+00,-8.766830444335937500e+00
-2.133364677429199219e+00,-1.803464770317077637e+00,-6.509320259094238281e+00,-8.048136711120605469e+00
3.475113511085510254e-01,1.887876093387603760e-01,-9.380859375000000000e+00,-1.062773323059082031e+01
2.033159732818603516e+00,1.108945965766906738e+00,-6.426476478576660156e+00,-7.714170455932617188e+00
3.560841083526611328e-03,-6.519702672958374023e-01,-8.615373611450195312e+00,-9.036062240600585938e+00
1.637831330299377441e-03,-1.717299818992614746e-01,-8.522697448730468750e+00,-9.288685798645019531e+00
-4.112162590026855469e-01,3.953427970409393311e-01,-8.230907440185546875e+00,-1.024208450317382812e+01
-2.277133911848068237e-01,1.034325808286666870e-01,-8.201597213745117188e+00,-8.746364593505859375e+00
7.255877256393432617e-01,4.046958088874816895e-01,-8.173990249633789062e+00,-9.466667175292968750e+00
-4.406726360321044922e-01,4.333771765232086182e-01,-7.560811519622802734e+00,-9.553743362426757812e+00
1.610512971878051758e+00,-9.323193430900573730e-01,-6.815605163574218750e+00,-7.632417678833007812e+00
-1.213450133800506592e-01,-7.534006237983703613e-01,-8.930242538452148438e+00,-9.124860763549804688e+00
-1.343800187110900879e+00,-1.515111923217773438e+00,-6.512456893920898438e+00,-7.345679759979248047e+00
4.314194321632385254e-01,1.096001341938972473e-01,-7.858605861663818359e+00,-9.138748168945312500e+00
2.847507596015930176e-01,-2.985166013240814209e-01,-7.510943412780761719e+00,-8.323133468627929688e+00
-5.526893138885498047e-01,1.171539068222045898e+00,-7.975258350372314453e+00,-8.984951019287109375e+00
4.829526543617248535e-01,1.865524053573608398e+00,-7.612118721008300781e+00,-8.119849205017089844e+00
-3.557541370391845703e-01,-1.645436167716979980e+00,-7.433414459228515625e+00,-6.848424911499023438e+00
-8.350294828414916992e-01,8.532140403985977173e-02,-7.687373638153076172e+00,-9.571009635925292969e+00
-1.802724599838256836e+00,4.652094841003417969e-01,-6.432989597320556641e+00,-8.313740730285644531e+00
-7.070736289024353027e-01,4.024875760078430176e-01,-7.222440719604492188e+00,-8.840168952941894531e+00
7.028517723083496094e-01,-2.519271135330200195e+00,-6.780187606811523438e+00,-5.494151115417480469e+00
5.582623481750488281e-01,2.012956142425537109e-01,-8.728049278259277344e+00,-1.032321739196777344e+01
-1.147374987602233887e+00,-2.984492063522338867e+00,-7.948393821716308594e+00,-6.249462127685546875e+00
4.569398760795593262e-01,2.387839853763580322e-01,-9.134797096252441406e+00,-1.043578338623046875e+01
-7.855533063411712646e-02,1.425812840461730957e-01,-9.323917388916015625e+00,-9.899478912353515625e+00
-9.803746342658996582e-01,2.513578891754150391e+00,-6.347763061523437500e+00,-6.615363597869873047e+00
-8.541470170021057129e-01,-4.428471624851226807e-01,-7.487948417663574219e+00,-8.342184066772460938e+00
1.829180240631103516e+00,1.268938541412353516e+00,-7.089319705963134766e+00,-8.134916305541992188e+00
1.386833548545837402e+00,-9.769741892814636230e-01,-7.069053649902343750e+00,-8.335249900817871094e+00
6.522846817970275879e-01,3.025686740875244141e+00,-6.083079338073730469e+00,-6.153878211975097656e+00
1.723304688930511475e-01,7.196239233016967773e-01,-8.662552833557128906e+00,-9.611740112304687500e+00
-1.161366581916809082e+00,-1.554759144783020020e-01,-7.684348583221435547e+00,-9.784343719482421875e+00
1.690039157867431641e+00,4.985715448856353760e-01,-6.790860652923583984e+00,-8.276414871215820312e+00
1.054665923118591309e+00,1.599196434020996094e+00,-8.579906463623046875e+00,-9.166843414306640625e+00
1.168295741081237793e-02,6.117021441459655762e-01,-8.662008285522460938e+00,-9.738660812377929688e+00
1.477226495742797852e+00,-3.758234977722167969e-01,-7.117813110351562500e+00,-8.494441986083984375e+00
-1.316776871681213379e+00,-2.838431835174560547e+00,-7.077649593353271484e+00,-5.647778511047363281e+00
-7.087484002113342285e-03,2.159975290298461914e+00,-7.295324325561523438e+00,-7.338755607604980469e+00
1.103278040885925293e+00,8.075248599052429199e-01,-6.998577117919921875e+00,-7.704503536224365234e+00
7.357506752014160156e-01,-1.368798315525054932e-01,-7.723124504089355469e+00,-9.191180229187011719e+00
-1.814888954162597656e+00,1.817913889884948730e+00,-6.403884887695312500e+00,-7.181524276733398438e+00
1.776906251907348633e+00,9.708073735237121582e-01,-6.712355613708496094e+00,-9.016160964965820312e+00
-4.180975258350372314e-02,6.572214365005493164e-01,-9.124059677124023438e+00,-1.094923114776611328e+01
5.149495601654052734e-01,-2.058907747268676758e+00,-7.482182979583740234e+00,-6.377126693725585938e+00
-7.010903954505920410e-01,-5.304827690124511719e-01,-7.482374191284179688e+00,-8.125912666320800781e+00
-1.920520812273025513e-01,-3.229920566082000732e-01,-8.622655868530273438e+00,-9.271972656250000000e+00
-6.669020652770996094e-01,1.613143086433410645e+00,-7.803209781646728516e+00,-8.408483505249023438e+00
1.144161373376846313e-01,-4.702483713626861572e-01,-7.646897792816162109e+00,-8.989017486572265625e+00
1.729902029037475586e-01,-9.827677607536315918e-01,-7.830753326416015625e+00,-7.983681678771972656e+00
9.767753630876541138e-02,1.062460318207740784e-01,-8.375602722167968750e+00,-9.566419601440429688e+00
-7.320383787155151367e-01,2.543807923793792725e-01,-7.134073257446289062e+00,-8.470154762268066406e+00
8.664412498474121094e-01,7.661688327789306641e-01,-7.213614463806152344e+00,-8.736188888549804688e+00
1.940480947494506836e+00,-1.585468292236328125e+00,-5.879508018493652344e+00,-6.526944160461425781e+00
-1.762219071388244629e+00,-2.972032308578491211e+00,-6.553237915039062500e+00,-5.646709918975830078e+00
9.537844061851501465e-01,-1.499202251434326172e-01,-7.723508834838867188e+00,-9.503648757934570312e+00
2.473651319742202759e-01,6.899417638778686523e-01,-8.765602111816406250e+00,-9.250061035156250000e+00
2.246483117341995239e-01,-8.314266204833984375e-01,-7.603664875030517578e+00,-8.307453155517578125e+00
3.581523418426513672e+00,-1.625345945358276367e-01,-5.002763271331787109e+00,-6.424257278442382812e+00
-4.632226824760437012e-01,-1.720947146415710449e+00,-6.280937194824218750e+00,-6.226614952087402344e+00
-4.607951045036315918e-01,-5.594508051872253418e-01,-8.400501251220703125e+00,-8.803476333618164062e+00
1.567048549652099609e+00,7.945593595504760742e-01,-6.787343978881835938e+00,-7.896147727966308594e+00
2.845861315727233887e-01,-8.407623320817947388e-02,-8.022078514099121094e+00,-9.336750030517578125e+00
1.466837763786315918e+00,7.346195578575134277e-01,-6.926074028015136719e+00,-8.043388366699218750e+00
-5.919189453125000000e-01,1.710455656051635742e+00,-7.559871196746826172e+00,-8.153052330017089844e+00
1.013168692588806152e+00,-2.909935712814331055e-01,-7.236626625061035156e+00,-9.112853050231933594e+00
-1.646787047386169434e+00,1.092859432101249695e-01,-6.658264160156250000e+00,-8.969423294067382812e+00
2.150040626525878906e+00,-6.677823662757873535e-01,-6.138427734375000000e+00,-7.563578605651855469e+00
-1.852473258972167969e+00,-3.121555328369140625e+00,-6.204142570495605469e+00,-4.926833152770996094e+00
-8.268451690673828125e-01,7.824862599372863770e-01,-7.702442646026611328e+00,-7.446529388427734375e+00
-2.571350812911987305e+00,3.349744677543640137e-01,-5.516535282135009766e+00,-8.263481140136718750e+00
1.741561770439147949e+00,1.062612056732177734e+00,-6.770236015319824219e+00,-7.539555549621582031e+00
-1.432518601417541504e+00,-1.612995147705078125e+00,-6.602697372436523438e+00,-7.743830680847167969e+00
-8.780936598777770996e-01,-5.653605461120605469e-01,-7.422858238220214844e+00,-8.405597686767578125e+00
1.663459539413452148e-01,-1.731962800025939941e+00,-7.963009357452392578e+00,-7.141291618347167969e+00
-6.335496306419372559e-01,6.134614348411560059e-03,-7.240710258483886719e+00,-8.938691139221191406e+00
5.035926699638366699e-01,-1.782899975776672363e+00,-7.630258560180664062e+00,-6.719620704650878906e+00
-6.926963925361633301e-01,5.809296369552612305e-01,-7.775601863861083984e+00,-9.485872268676757812e+00
-9.898456931114196777e-01,-1.972023606300354004e+00,-7.114985466003417969e+00,-6.488544464111328125e+00
3.607651591300964355e-01,-1.013696074485778809e+00,-7.790371417999267578e+00,-8.112282752990722656e+00
-1.372745513916015625e+00,1.437195062637329102e+00,-7.544539451599121094e+00,-8.996479034423828125e+00
2.613251924514770508e+00,-9.604523777961730957e-01,-5.844888210296630859e+00,-6.863824367523193359e+00
5.925313234329223633e-01,-1.377238512039184570e+00,-7.286201477050781250e+00,-7.693291664123535156e+00
5.804747343063354492e-01,-6.072964668273925781e-01,-7.629223823547363281e+00,-8.510005950927734375e+00
2.251708984375000000e+00,-1.148467421531677246e+00,-6.190079689025878906e+00,-6.779108047485351562e+00
6.091232895851135254e-01,1.677118420600891113e+00,-7.001825332641601562e+00,-7.514176368713378906e+00
1.440359205007553101e-01,5.254094004631042480e-01,-9.601085662841796875e+00,-9.734865188598632812e+00
-6.900307536125183105e-01,5.638825297355651855e-01,-7.348793029785156250e+00,-8.983892440795898438e+00
6.187763214111328125e-01,-1.361721754074096680e-01,-7.753175258636474609e+00,-8.970302581787109375e+00
4.758358597755432129e-01,-1.737667918205261230e+00,-7.532510757446289062e+00,-6.906501770019531250e+00
-1.361039757728576660e+00,1.675815224647521973e+00,-7.761950016021728516e+00,-8.769797325134277344e+00
-1.672553300857543945e+00,-3.704190492630004883e+00,-6.580140113830566406e+00,-4.613943576812744141e+00
1.330883383750915527e+00,-8.653202056884765625e-01,-7.680084228515625000e+00,-8.273303031921386719e+00
-8.163021802902221680e-01,2.951546907424926758e-01,-6.966681480407714844e+00,-8.675243377685546875e+00
-1.339062929153442383e+00,1.026895523071289062e+00,-6.542737007141113281e+00,-7.951427459716796875e+00
-2.950615882873535156e-01,-8.692984580993652344e-01,-7.340728282928466797e+00,-8.392659187316894531e+00
-2.591986656188964844e-01,-3.432561159133911133e-01,-8.521272659301757812e+00,-8.855642318725585938e+00
2.392948716878890991e-01,3.804077208042144775e-02,-8.938734054565429688e+00,-9.952241897583007812e+00
1.591892480850219727e+00,-4.912039935588836670e-01,-6.871768951416015625e+00,-8.564504623413085938e+00
2.601851820945739746e-01,-2.271231651306152344e+00,-6.938373565673828125e+00,-6.074748039245605469e+00
-2.881592035293579102e+00,-2.416542768478393555e-01,-5.256384849548339844e+00,-8.113494873046875000e+00
6.246662735939025879e-01,-2.823124647140502930e+00,-6.982487201690673828e+00,-5.713599205017089844e+00
-1.304214954376220703e+00,1.268038511276245117e+00,-7.692675590515136719e+00,-9.170357704162597656e+00
-9.008771181106567383e-02,-2.965412855148315430e+00,-7.274671554565429688e+00,-5.363839626312255859e+00
1.663046002388000488e+00,7.691425681114196777e-01,-6.692768096923828125e+00,-7.974790573120117188e+00
-2.978677988052368164e+00,2.247959613800048828e+00,-4.428291797637939453e+00,-5.734124660491943359e+00
9.379797577857971191e-01,-1.302372574806213379e+00,-7.447238922119140625e+00,-8.304327964782714844e+00
-7.561442255973815918e-01,1.310155749320983887e+00,-7.445328235626220703e+00,-8.138941764831542969e+00
1.357382178306579590e+00,3.609779775142669678e-01,-6.459459304809570312e+00,-7.999740123748779297e+00
-5.492134094238281250e-01,3.903416544198989868e-02,-8.427822113037109375e+00,-9.185655593872070312e+00
-9.510993361473083496e-01,1.198083043098449707e+00,-8.018653869628906250e+00,-8.771543502807617188e+00
8.347747921943664551e-01,2.001382112503051758e+00,-6.607469558715820312e+00,-6.304918766021728516e+00
7.904343605041503906e-01,-1.509236574172973633e+00,-7.251049995422363281e+00,-7.793777465820312500e+00
4.144089221954345703e-01,-9.686548113822937012e-01,-7.779504776000976562e+00,-7.947514533996582031e+00
7.200512886047363281e-01,-2.035179615020751953e+00,-6.968385696411132812e+00,-6.142864704132080078e+00
-4.346048831939697266e-01,9.432922005653381348e-01,-7.606138229370117188e+00,-8.404408454895019531e+00
2.481168985366821289e+00,2.335973680019378662e-01,-6.599748134613037109e+00,-8.139238357543945312e+00
2.904437780380249023e-01,-8.124122768640518188e-02,-8.388945579528808594e+00,-9.608388900756835938e+00
-1.120469450950622559e+00,1.791329383850097656e-01,-6.770899772644042969e+00,-8.483455657958984375e+00
-2.986978292465209961e-01,-4.016789495944976807e-01,-7.471922397613525391e+00,-8.154069900512695312e+00
-8.561940491199493408e-02,2.054125547409057617e+00,-7.369749069213867188e+00,-7.357329368591308594e+00
8.727639317512512207e-01,-1.091160655021667480e+00,-6.935811519622802734e+00,-7.652220726013183594e+00
1.006983637809753418e+00,7.125040143728256226e-02,-7.924179077148437500e+00,-9.384236335754394531e+00
-1.249349832534790039e+00,-3.591445207595825195e+00,-7.225706100463867188e+00,-4.841961860656738281e+00
2.121279001235961914e+00,7.880351692438125610e-02,-6.770165920257568359e+00,-8.525001525878906250e+00
-8.849922418594360352e-01,-4.576202929019927979e-01,-7.296540260314941406e+00,-8.631986618041992188e+00
6.079137325286865234e-01,2.899729013442993164e-01,-7.908107280731201172e+00,-8.989379882812500000e+00
-7.902746200561523438e-01,8.507893979549407959e-02,-8.138286590576171875e+00,-9.457008361816406250e+00
6.008921265602111816e-01,6.458718329668045044e-02,-7.745296478271484375e+00,-8.764614105224609375e+00
-3.864885091781616211e+00,7.397167086601257324e-01,-5.042946815490722656e+00,-8.776390075683593750e+00
5.906226038932800293e-01,-2.065188646316528320e+00,-7.165052890777587891e+00,-6.498016357421875000e+00
-3.589113354682922363e-01,1.490745306015014648e+00,-7.729823589324951172e+00,-8.107067108154296875e+00
1.349374890327453613e+00,-3.122333765029907227e+00,-7.153697967529296875e+00,-5.543996334075927734e+00
4.307408928871154785e-01,2.268229007720947266e+00,-7.095319747924804688e+00,-7.299204826354980469e+00
1.238426327705383301e+00,-5.851186513900756836e-01,-7.645306587219238281e+00,-8.789111137390136719e+00
1.638033390045166016e+00,-8.632457256317138672e-01,-6.247122287750244141e+00,-7.268442153930664062e+00
-5.558687448501586914e-02,3.288743495941162109e-01,-8.744445800781250000e+00,-9.920543670654296875e+00
-7.421203851699829102e-01,9.988749027252197266e-01,-7.043134689331054688e+00,-8.031142234802246094e+00
7.628789544105529785e-01,-1.269798159599304199e+00,-7.151482582092285156e+00,-7.392374038696289062e+00
1.323441386222839355e+00,-1.549835562705993652e+00,-6.532246112823486328e+00,-6.888611793518066406e+00
1.495141506195068359e+00,-1.009516790509223938e-01,-6.868195533752441406e+00,-8.571338653564453125e+00
8.890635967254638672e-01,3.169434666633605957e-01,-7.083302497863769531e+00,-8.330151557922363281e+00
1.056879907846450806e-01,4.244248569011688232e-01,-8.897429466247558594e+00,-9.588032722473144531e+00
-1.183346509933471680e-01,1.322437286376953125e+00,-8.715488433837890625e+00,-8.826942443847656250e+00
-1.432209253311157227e+00,-1.746314764022827148e+00,-6.174907207489013672e+00,-6.564359188079833984e+00
-2.120101690292358398e+00,4.436171948909759521e-01,-5.946415901184082031e+00,-8.282989501953125000e+00
6.974999606609344482e-02,2.380372583866119385e-02,-8.782718658447265625e+00,-9.541574478149414062e+00
-2.470140010118484497e-01,-9.035318493843078613e-01,-7.174902915954589844e+00,-7.755405902862548828e+00
4.818605780601501465e-01,-1.183518648147583008e+00,-7.183671474456787109e+00,-7.431491851806640625e+00
-9.016010165214538574e-01,1.433566689491271973e+00,-6.803086280822753906e+00,-7.308000564575195312e+00
-8.619357645511627197e-02,1.040093898773193359e+00,-7.648776531219482422e+00,-8.214565277099609375e+00
1.516212463378906250e+00,-1.466173410415649414e+00,-6.818120956420898438e+00,-7.647884368896484375e+00
-3.543205857276916504e-01,-3.716714978218078613e-01,-7.845482826232910156e+00,-8.712667465209960938e+00
-6.954893469810485840e-01,1.150208711624145508e+00,-7.735546588897705078e+00,-8.506988525390625000e+00
-2.441307902336120605e-02,2.633419632911682129e-01,-8.513709068298339844e+00,-9.296537399291992188e+00
5.826095938682556152e-01,1.162197887897491455e-01,-7.752945899963378906e+00,-8.852931022644042969e+00
-1.374871969223022461e+00,1.061602592468261719e+00,-6.904126167297363281e+00,-8.215369224548339844e+00
1.300821661949157715e+00,2.836066007614135742e+00,-6.211268424987792969e+00,-6.207303047180175781e+00
-4.813336730003356934e-01,1.007626891136169434e+00,-8.264728546142578125e+00,-9.785966873168945312e+00
-1.044853091239929199e+00,-1.134067654609680176e+00,-7.198755264282226562e+00,-8.714620590209960938e+00
6.046496331691741943e-02,3.019136190414428711e-01,-9.174087524414062500e+00,-9.928495407104492188e+00
5.351388454437255859e-01,-6.668371558189392090e-01,-7.952445507049560547e+00,-8.636196136474609375e+00
-4.201232194900512695e-01,2.876706361770629883e+00,-6.700790405273437500e+00,-6.494039535522460938e+00
-9.066784977912902832e-01,-3.379696905612945557e-01,-7.550519943237304688e+00,-8.516883850097656250e+00
-7.979135513305664062e-01,-5.343185663223266602e-01,-7.714132308959960938e+00,-8.701251983642578125e+00
-7.365490496158599854e-02,-9.596208930015563965e-01,-7.015489578247070312e+00,-7.600398063659667969e+00
-7.138516902923583984e-01,-1.808586239814758301e+00,-6.230684280395507812e+00,-5.862659931182861328e+00
7.492031157016754150e-02,-4.877493083477020264e-01,-7.218975067138671875e+00,-8.411390304565429688e+00
4.854462742805480957e-01,6.826032996177673340e-01,-8.163657188415527344e+00,-8.072184562683105469e+00
7.369539141654968262e-01,9.585741907358169556e-02,-8.126044273376464844e+00,-9.637441635131835938e+00
2.735203504562377930e-01,-3.568108558654785156e+00,-7.046219825744628906e+00,-4.575859546661376953e+00
5.633881092071533203e-01,-2.676753997802734375e-01,-6.996287345886230469e+00,-8.085904121398925781e+00
5.310951471328735352e-01,1.134182095527648926e+00,-9.199709892272949219e+00,-9.600509643554687500e+00
5.365412235260009766e-01,6.534891724586486816e-01,-7.968379497528076172e+00,-8.858410835266113281e+00
1.500379562377929688e+00,8.858650326728820801e-01,-6.770339012145996094e+00,-8.081604957580566406e+00
1.587302565574645996e+00,-1.924662947654724121e+00,-6.864624977111816406e+00,-7.024878501892089844e+00
-9.820446372032165527e-01,-1.082654520869255066e-01,-6.940552711486816406e+00,-8.872406959533691406e+00
-1.051269650459289551e+00,7.715420722961425781e-01,-8.025543212890625000e+00,-9.360929489135742188e+00
2.247063398361206055e+00,-1.379895210266113281e-01,-6.801519393920898438e+00,-8.108815193176269531e+00
-2.800454497337341309e-01,-8.955236077308654785e-01,-7.621256351470947266e+00,-8.175580024719238281e+00
7.212185263633728027e-01,5.710914731025695801e-01,-7.327145576477050781e+00,-8.893842697143554688e+00
1.868388056755065918e+00,5.499411225318908691e-01,-6.959122657775878906e+00,-9.102495193481445312e+00
-4.474739432334899902e-01,-4.298718869686126709e-01,-8.240681648254394531e+00,-8.917430877685546875e+00
2.280884981155395508e+00,-4.775636643171310425e-02,-6.862663745880126953e+00,-8.353300094604492188e+00
-1.762125849723815918e+00,1.634397149085998535e+00,-7.456158638000488281e+00,-8.616219520568847656e+00
2.906737923622131348e-01,-4.309494793415069580e-01,-7.506024360656738281e+00,-9.031707763671875000e+00
5.772744417190551758e-01,3.952507972717285156e-01,-8.299463272094726562e+00,-9.269695281982421875e+00
1.252688467502593994e-01,2.360325098037719727e+00,-6.743962287902832031e+00,-6.537369251251220703e+00
1.279290795326232910e+00,-2.162667274475097656e+00,-7.613679409027099609e+00,-7.657105445861816406e+00
-1.941206306219100952e-01,-1.751231402158737183e-02,-8.684490203857421875e+00,-9.064088821411132812e+00
1.719486117362976074e+00,-1.165633678436279297e+00,-6.320271968841552734e+00,-7.340280532836914062e+00
-2.710665225982666016e+00,-5.035729408264160156e-01,-4.358257770538330078e+00,-7.189375877380371094e+00
7.427253127098083496e-01,3.302496969699859619e-01,-7.957854270935058594e+00,-8.999603271484375000e+00
-6.290029287338256836e-01,-3.411059677600860596e-01,-8.152662277221679688e+00,-9.136579513549804688e+00
-1.695084333419799805e+00,1.442521661520004272e-01,-6.348300457000732422e+00,-8.613773345947265625e+00
-1.352054119110107422e+00,7.663164734840393066e-01,-7.479269504547119141e+00,-8.732423782348632812e+00
2.796430140733718872e-02,9.083774685859680176e-02,-8.172937393188476562e+00,-9.504828453063964844e+00
1.348299264907836914e+00,5.364605188369750977e-01,-6.899195671081542969e+00,-8.044061660766601562e+00
-1.531951904296875000e+00,-1.972020506858825684e+00,-6.864044189453125000e+00,-6.590969085693359375e+00
-8.341992497444152832e-01,7.436244189739227295e-02,-7.417769432067871094e+00,-8.824954986572265625e+00
-1.354781627655029297e+00,-7.440571784973144531e-01,-6.027360916137695312e+00,-7.590055465698242188e+00
-6.548756361007690430e-01,1.514056324958801270e+00,-6.901965141296386719e+00,-7.647058486938476562e+00
5.199571251869201660e-01,-8.611176609992980957e-01,-7.440103530883789062e+00,-8.128254890441894531e+00
-7.945455908775329590e-01,-1.112652540206909180e+00,-6.856012344360351562e+00,-7.942616462707519531e+00
6.011186838150024414e-01,-2.961660861968994141e+00,-7.144323348999023438e+00,-5.792011260986328125e+00
2.204198837280273438e-01,1.722339987754821777e-01,-8.165598869323730469e+00,-8.626099586486816406e+00
-1.854924917221069336e+00,8.124776184558868408e-03,-5.934677124023437500e+00,-7.890390872955322266e+00
1.241867899894714355e+00,6.375153064727783203e-01,-7.057162761688232422e+00,-8.324773788452148438e+00
6.217591166496276855e-01,-2.779921591281890869e-01,-7.000743865966796875e+00,-8.173616409301757812e+00
1.009667873382568359e+00,-9.949424862861633301e-01,-6.953377723693847656e+00,-7.714722633361816406e+00
3.925558924674987793e-02,-1.897108674049377441e+00,-7.546922683715820312e+00,-6.474998950958251953e+00
-2.861831188201904297e-01,-1.216542005538940430e+00,-7.129117012023925781e+00,-7.325740814208984375e+00
1.913848638534545898e+00,-4.493702352046966553e-01,-6.467572212219238281e+00,-8.654943466186523438e+00
-2.310410976409912109e+00,-1.346766114234924316e+00,-7.217236518859863281e+00,-8.929962158203125000e+00
-1.013679623603820801e+00,3.682412505149841309e-01,-6.982927322387695312e+00,-8.681774139404296875e+00
-7.284110784530639648e-01,1.831834554672241211e+00,-7.668101310729980469e+00,-7.951584339141845703e+00
-5.480445921421051025e-02,-1.809944987297058105e+00,-6.794805526733398438e+00,-6.357624530792236328e+00
-9.296221137046813965e-01,-1.532534241676330566e+00,-6.933519840240478516e+00,-7.153616428375244141e+00
1.403291225433349609e+00,3.182803094387054443e-01,-6.936574935913085938e+00,-8.478942871093750000e+00
3.595861494541168213e-01,-1.452849149703979492e+00,-7.695975303649902344e+00,-7.303308963775634766e+00
8.445547819137573242e-01,-3.402581214904785156e-01,-7.634121894836425781e+00,-9.122980117797851562e+00
-4.371364414691925049e-02,-9.690781235694885254e-01,-6.929746627807617188e+00,-7.612878799438476562e+00
1.069356322288513184e+00,7.779423594474792480e-01,-7.272203445434570312e+00,-8.051904678344726562e+00
1.182306051254272461e+00,-5.933318287134170532e-02,-7.309898376464843750e+00,-9.101783752441406250e+00
1.299841642379760742e+00,-5.718827992677688599e-02,-7.334979057312011719e+00,-8.563524246215820312e+00
-8.073591589927673340e-01,-1.666272759437561035e+00,-7.573917388916015625e+00,-7.813488006591796875e+00
8.085948228836059570e-01,-7.289194464683532715e-01,-7.216414451599121094e+00,-8.292337417602539062e+00
6.010301113128662109e-01,4.625281095504760742e-01,-7.530814647674560547e+00,-9.398588180541992188e+00
2.146693706512451172e+00,7.853549718856811523e-01,-6.859762668609619141e+00,-8.483189582824707031e+00
-2.135288715362548828e+00,5.977123975753784180e-01,-7.532712936401367188e+00,-9.779771804809570312e+00
-3.511680364608764648e-01,3.446569204330444336e+00,-7.037292480468750000e+00,-6.142110824584960938e+00
-9.414768218994140625e-02,1.788955688476562500e+00,-7.467267990112304688e+00,-7.745741844177246094e+00
7.358980178833007812e-01,3.189155161380767822e-01,-7.987308502197265625e+00,-9.045755386352539062e+00
-1.102059483528137207e+00,-4.343430697917938232e-01,-7.327012062072753906e+00,-8.643646240234375000e+00
-1.574222207069396973e+00,3.796281218528747559e-01,-6.356830596923828125e+00,-8.070630073547363281e+00
-5.062487125396728516e-01,1.351496726274490356e-01,-8.846534729003906250e+00,-9.554800033569335938e+00
-1.146611213684082031e+00,-1.824301779270172119e-01,-7.706224441528320312e+00,-9.329649925231933594e+00
2.331179857254028320e+00,-1.184144735336303711e+00,-6.143186569213867188e+00,-6.895087242126464844e+00
-1.075627565383911133e+00,1.553297758102416992e+00,-6.918786048889160156e+00,-7.860576152801513672e+00
4.855467677116394043e-01,1.835694074630737305e+00,-7.293308734893798828e+00,-7.824851036071777344e+00
4.128836393356323242e-01,-1.016915678977966309e+00,-7.995011806488037109e+00,-8.171742439270019531e+00
-5.468910336494445801e-01,-2.678577661514282227e+00,-7.532713413238525391e+00,-6.514869689941406250e+00
1.210124015808105469e+00,5.283988714218139648e-01,-6.974218368530273438e+00,-7.858237266540527344e+00
-5.432708263397216797e-01,1.408823728561401367e+00,-7.574265480041503906e+00,-8.034916877746582031e+00
5.856595039367675781e-01,2.536011636257171631e-01,-7.684635162353515625e+00,-9.009386062622070312e+00
-7.268972396850585938e-01,2.548156082630157471e-01,-7.098186492919921875e+00,-8.407045364379882812e+00
8.622153401374816895e-01,4.857487976551055908e-03,-8.034017562866210938e+00,-9.385023117065429688e+00
8.554332852363586426e-01,-4.639677703380584717e-01,-7.318529129028320312e+00,-8.722013473510742188e+00
6.791916489601135254e-01,-2.782355993986129761e-02,-7.446831703186035156e+00,-8.708711624145507812e+00
-8.232550323009490967e-02,2.295157909393310547e-01,-8.682922363281250000e+00,-9.471586227416992188e+00
-1.814564585685729980e+00,-5.082182288169860840e-01,-5.349935531616210938e+00,-7.551975727081298828e+00
1.550899505615234375e+00,6.370570063591003418e-01,-6.962383747100830078e+00,-8.433245658874511719e+00
-5.586733222007751465e-01,-4.589978158473968506e-01,-8.553701400756835938e+00,-8.820720672607421875e+00
-1.594475626945495605e+00,-6.648819446563720703e-01,-6.578360557556152344e+00,-8.635441780090332031e+00
1.558561444282531738e+00,1.219421625137329102e+00,-6.864275932312011719e+00,-7.720907688140869141e+00
4.059741497039794922e-01,9.662883281707763672e-01,-8.318656921386718750e+00,-9.089555740356445312e+00
1.505295485258102417e-01,-6.220837235450744629e-01,-7.629437446594238281e+00,-8.278258323669433594e+00
-1.327212154865264893e-02,-5.304388701915740967e-03,-8.102380752563476562e+00,-9.229763031005859375e+00
4.768656194210052490e-02,-1.750604987144470215e+00,-6.749834060668945312e+00,-6.436260223388671875e+00
-1.397915840148925781e+00,-2.058465480804443359e-01,-6.865173339843750000e+00,-8.643297195434570312e+00
-5.819332599639892578e-01,9.895617365837097168e-01,-7.807757854461669922e+00,-9.316841125488281250e+00
-1.643386363983154297e+00,2.926780879497528076e-01,-6.888267517089843750e+00,-8.854635238647460938e+00
1.314890623092651367e+00,-4.916401207447052002e-01,-7.369639396667480469e+00,-8.673624038696289062e+00
-1.854613572359085083e-01,1.633722901344299316e+00,-8.074012756347656250e+00,-8.833675384521484375e+00
-2.546928822994232178e-02,-1.453905820846557617e+00,-7.310536384582519531e+00,-7.544586658477783203e+00
1.462723255157470703e+00,-1.283864021301269531e+00,-7.554541587829589844e+00,-7.798338890075683594e+00
5.112355947494506836e-01,2.890816032886505127e-01,-8.180186271667480469e+00,-9.088466644287109375e+00
-1.367814421653747559e+00,3.133555054664611816e-01,-7.530006408691406250e+00,-9.118784904479980469e+00
-1.232186913490295410e+00,-1.943429112434387207e+00,-7.019001007080078125e+00,-6.842644691467285156e+00
6.863983869552612305e-01,1.438763141632080078e+00,-8.080349922180175781e+00,-8.441490173339843750e+00
1.848197579383850098e+00,-1.277347326278686523e+00,-6.978152751922607422e+00,-8.243030548095703125e+00
1.046747207641601562e+00,-7.617957890033721924e-03,-7.208330154418945312e+00,-8.994352340698242188e+00
-6.494886279106140137e-01,-1.563112020492553711e+00,-6.504865169525146484e+00,-6.618022918701171875e+00
4.887449741363525391e-01,7.189377546310424805e-01,-8.230775833129882812e+00,-8.281731605529785156e+00
5.265480279922485352e-01,-1.384061694145202637e+00,-7.641011238098144531e+00,-7.550394058227539062e+00
-1.795763969421386719e+00,1.127118319272994995e-01,-6.956876754760742188e+00,-9.411447525024414062e+00
1.186095356941223145e+00,-6.397181749343872070e-01,-8.028455734252929688e+00,-8.772680282592773438e+00
1.896658420562744141e+00,4.997684657573699951e-01,-7.053850173950195312e+00,-8.916105270385742188e+00
1.480933666229248047e+00,-1.058863997459411621e+00,-6.469954490661621094e+00,-7.634521007537841797e+00
1.018104553222656250e+00,1.454093694686889648e+00,-7.096568584442138672e+00,-7.795628547668457031e+00
-1.412231564521789551e+00,-3.721018731594085693e-01,-6.957622051239013672e+00,-8.161146163940429688e+00
-5.389646291732788086e-01,-6.992060542106628418e-01,-8.283276557922363281e+00,-8.837606430053710938e+00
-6.913387179374694824e-01,1.012173414230346680e+00,-8.073923110961914062e+00,-8.968044281005859375e+00
7.856443524360656738e-01,-2.647803544998168945e+00,-6.927933692932128906e+00,-5.574401855468750000e+00
-1.145058512687683105e+00,1.710647046566009521e-01,-7.037002563476562500e+00,-8.731326103210449219e+00
-4.378392100334167480e-01,-2.316986918449401855e-01,-7.995229244232177734e+00,-8.602966308593750000e+00
8.059899806976318359e-01,9.348552227020263672e-01,-7.986559867858886719e+00,-8.856695175170898438e+00
6.375291347503662109e-01,4.532383680343627930e-01,-8.546951293945312500e+00,-9.907669067382812500e+00
-1.196509242057800293e+00,-1.807756721973419189e-01,-7.189154624938964844e+00,-8.907926559448242188e+00
-2.467525720596313477e+00,-8.204013109207153320e-01,-5.229564666748046875e+00,-7.382567405700683594e+00
-9.782336354255676270e-01,-7.633267045021057129e-01,-8.331961631774902344e+00,-8.822344779968261719e+00
2.312994301319122314e-01,1.827436089515686035e+00,-6.898239135742187500e+00,-7.309727668762207031e+00
-3.359566926956176758e-01,-2.506550788879394531e+00,-6.910128593444824219e+00,-5.721535205841064453e+00
-7.115549445152282715e-01,6.855825185775756836e-01,-7.787062168121337891e+00,-8.965864181518554688e+00
9.171760678291320801e-01,-7.210630178451538086e-01,-7.227888107299804688e+00,-8.437523841857910156e+00
1.369920969009399414e+00,-6.111053228378295898e-01,-7.311822891235351562e+00,-8.876976013183593750e+00
-8.949512839317321777e-01,1.152159690856933594e+00,-7.780187606811523438e+00,-8.480550765991210938e+00
-1.445317625999450684e+00,-6.422123908996582031e-01,-7.105792045593261719e+00,-8.744331359863281250e+00
-3.072530627250671387e-01,-1.807556301355361938e-02,-8.112809181213378906e+00,-8.775688171386718750e+00
-1.814002513885498047e+00,-8.387467265129089355e-01,-6.225299835205078125e+00,-7.919124603271484375e+00
-4.418991804122924805e-01,-7.428534626960754395e-01,-8.103218078613281250e+00,-8.705410003662109375e+00
2.434842824935913086e+00,-5.927018523216247559e-01,-6.645264625549316406e+00,-7.742428779602050781e+00
1.422273874282836914e+00,-1.057374715805053711e+00,-6.791913509368896484e+00,-7.764412879943847656e+00
5.434571504592895508e-01,7.105416059494018555e-01,-7.783753395080566406e+00,-7.964405059814453125e+00
-1.100758552551269531e+00,1.016664981842041016e+00,-7.333301067352294922e+00,-8.545427322387695312e+00
5.229075253009796143e-02,-2.549423456192016602e+00,-7.433583259582519531e+00,-6.751683235168457031e+00
1.293547004461288452e-01,1.788016796112060547e+00,-7.056996345520019531e+00,-6.856491088867187500e+00
-2.336878329515457153e-01,1.958889603614807129e+00,-7.516597270965576172e+00,-7.809845924377441406e+00
2.188651084899902344e+00,-1.552200913429260254e+00,-5.917276382446289062e+00,-6.708526134490966797e+00
2.043333947658538818e-01,-2.123665332794189453e+00,-7.147026062011718750e+00,-5.850670337677001953e+00
-1.250927567481994629e+00,-5.700610876083374023e-01,-6.644035339355468750e+00,-8.072847366333007812e+00
-1.100906133651733398e+00,-5.967501401901245117e-01,-7.358978271484375000e+00,-8.479881286621093750e+00
-1.148967623710632324e+00,-5.871838927268981934e-01,-7.158557891845703125e+00,-8.316688537597656250e+00
2.987154006958007812e+00,-1.006820440292358398e+00,-5.756899833679199219e+00,-7.081096172332763672e+00
-4.038599133491516113e-01,6.036282181739807129e-01,-7.805349349975585938e+00,-9.368701934814453125e+00
-3.268888592720031738e-01,1.314878761768341064e-01,-8.357751846313476562e+00,-8.865137100219726562e+00
-7.714558243751525879e-01,-2.040093898773193359e+00,-6.433784484863281250e+00,-5.755453109741210938e+00
8.049068450927734375e-01,-1.192321777343750000e+00,-7.066201210021972656e+00,-7.737590789794921875e+00
-7.686331272125244141e-01,2.872959971427917480e-01,-7.200030326843261719e+00,-8.918079376220703125e+00
-8.510839939117431641e-01,6.203276664018630981e-02,-7.710121154785156250e+00,-9.233360290527343750e+00
-2.368522733449935913e-01,-2.268217802047729492e-01,-8.142660140991210938e+00,-8.668741226196289062e+00
3.927962183952331543e-01,3.474563360214233398e-01,-8.713149070739746094e+00,-9.699018478393554688e+00
1.419292926788330078e+00,3.427060246467590332e-01,-6.870946884155273438e+00,-8.262390136718750000e+00
-6.619070768356323242e-01,3.550021052360534668e-01,-7.233901023864746094e+00,-8.658618927001953125e+00
9.339756965637207031e-01,-1.121379256248474121e+00,-7.900362014770507812e+00,-8.041765213012695312e+00
-1.110792398452758789e+00,5.794149637222290039e-01,-7.614464759826660156e+00,-9.255470275878906250e+00
2.852065563201904297e+00,-1.499787092208862305e+00,-5.428432941436767578e+00,-6.869723320007324219e+00
-1.047854065895080566e+00,1.237888455390930176e+00,-6.527420520782470703e+00,-7.237992286682128906e+00
6.694695949554443359e-01,-1.731705904006958008e+00,-7.200447082519531250e+00,-6.828285694122314453e+00
-9.754288792610168457e-01,-4.874006807804107666e-01,-7.532496452331542969e+00,-8.689225196838378906e+00
-5.381191968917846680e-01,-2.596379280090332031e+00,-7.267792701721191406e+00,-6.334309577941894531e+00
4.601752161979675293e-01,1.059063434600830078e+00,-8.413039207458496094e+00,-9.303769111633300781e+00
1.577201962471008301e+00,-9.405391812324523926e-01,-6.437758445739746094e+00,-7.194098472595214844e+00
-4.940653443336486816e-01,-3.811030864715576172e+00,-6.582245826721191406e+00,-4.368213176727294922e+00
-5.535087585449218750e-01,1.698218345642089844e+00,-8.217172622680664062e+00,-8.551651000976562500e+00
-4.381235837936401367e-01,-5.599256157875061035e-01,-7.868268013000488281e+00,-8.429717063903808594e+00
8.229608535766601562e-01,-6.697158217430114746e-01,-8.158775329589843750e+00,-8.736177444458007812e+00
1.249629378318786621e+00,-5.946630239486694336e-01,-7.502923011779785156e+00,-8.896918296813964844e+00
4.178572893142700195e-01,4.177173376083374023e-01,-8.185955047607421875e+00,-9.213867187500000000e+00
-8.748869299888610840e-01,2.828045845031738281e+00,-7.303792953491210938e+00,-6.732785224914550781e+00
-1.495497971773147583e-01,-1.808558702468872070e-01,-8.326335906982421875e+00,-9.297374725341796875e+00
-3.638658523559570312e-01,-2.988584518432617188e+00,-6.750052452087402344e+00,-5.508528709411621094e+00
-5.025647282600402832e-01,2.864598035812377930e+00,-6.382120132446289062e+00,-5.987716674804687500e+00
1.425005555152893066e+00,-2.590894222259521484e+00,-6.938547611236572266e+00,-6.290544509887695312e+00
4.919418692588806152e-01,-1.297687053680419922e+00,-8.110722541809082031e+00,-8.122101783752441406e+00
-3.341151773929595947e-02,-7.832137495279312134e-02,-7.974483013153076172e+00,-8.945865631103515625e+00
9.350575506687164307e-03,4.135546982288360596e-01,-8.436833381652832031e+00,-9.212023735046386719e+00
-9.447587132453918457e-01,3.297849297523498535e-01,-8.192152023315429688e+00,-9.430494308471679688e+00
-6.387580633163452148e-01,-7.953693866729736328e-01,-8.127943038940429688e+00,-9.157421112060546875e+00
8.396205902099609375e-01,8.858917951583862305e-01,-7.864647865295410156e+00,-8.746132850646972656e+00
7.677102088928222656e-01,-1.591840863227844238e+00,-7.042282104492187500e+00,-6.815824508666992188e+00
-1.343637347221374512e+00,2.723466396331787109e+00,-7.401371479034423828e+00,-7.588504791259765625e+00
-2.486260384321212769e-01,1.154015541076660156e+00,-7.833277702331542969e+00,-8.400045394897460938e+00
1.833414912223815918e+00,-1.884911298751831055e+00,-6.475554943084716797e+00,-6.402327537536621094e+00
2.434877157211303711e+00,-2.149721384048461914e+00,-5.834097862243652344e+00,-5.492115020751953125e+00
1.356364011764526367e+00,-1.631037712097167969e+00,-6.768585205078125000e+00,-7.404853820800781250e+00
-8.556022047996520996e-01,2.811777889728546143e-01,-7.504313468933105469e+00,-9.046993255615234375e+00
5.609736442565917969e-01,-3.981821238994598389e-01,-6.857783317565917969e+00,-8.237199783325195312e+00
-9.593724608421325684e-01,3.684774339199066162e-01,-7.179302692413330078e+00,-8.785270690917968750e+00
-5.440029501914978027e-01,1.201024293899536133e+00,-7.569310665130615234e+00,-8.780471801757812500e+00
-5.685291290283203125e-01,-2.312578260898590088e-03,-7.238153457641601562e+00,-8.148633956909179688e+00
-2.493175745010375977e+00,3.703998327255249023e-01,-6.102001190185546875e+00,-8.802694320678710938e+00
-3.144192695617675781e-01,-1.377703189849853516e+00,-7.344821453094482422e+00,-7.331687927246093750e+00
4.263556599617004395e-01,7.960430383682250977e-01,-8.978472709655761719e+00,-9.209442138671875000e+00
3.852139115333557129e-01,5.404493808746337891e-01,-7.989993572235107422e+00,-8.522071838378906250e+00
-1.575119644403457642e-01,-1.385336756706237793e+00,-7.152748107910156250e+00,-7.415471553802490234e+00
-6.946105360984802246e-01,-1.875038981437683105e+00,-6.360355854034423828e+00,-6.179412364959716797e+00
4.040895104408264160e-01,-1.168503761291503906e+00,-7.537998199462890625e+00,-7.491019248962402344e+00
6.234117150306701660e-01,-9.583241492509841919e-02,-7.802365303039550781e+00,-9.063550949096679688e+00
-1.659164071083068848e+00,-7.961130887269973755e-02,-6.086270332336425781e+00,-8.075802803039550781e+00
-1.087204337120056152e+00,1.258198499679565430e+00,-6.889848709106445312e+00,-7.210333824157714844e+00
7.144066691398620605e-02,-2.225366830825805664e+00,-7.026639938354492188e+00,-6.001867294311523438e+00
-5.449014306068420410e-01,7.451253533363342285e-01,-8.454709053039550781e+00,-1.000371742248535156e+01
1.295671105384826660e+00,-2.125932455062866211e+00,-7.268923759460449219e+00,-7.711232185363769531e+00
-1.924916625022888184e+00,3.313277959823608398e-01,-6.282467365264892578e+00,-8.996647834777832031e+00
-6.434415578842163086e-01,-2.816011011600494385e-01,-7.420318603515625000e+00,-8.703821182250976562e+00
4.160848259925842285e-02,6.181903481483459473e-01,-9.001808166503906250e+00,-1.002408695220947266e+01
1.545017004013061523e+00,6.041709780693054199e-01,-6.713108062744140625e+00,-8.268346786499023438e+00
1.104788631200790405e-01,-3.330137729644775391e-01,-8.364153861999511719e+00,-9.029714584350585938e+00
1.107349157333374023e+00,-4.021886289119720459e-01,-7.334479331970214844e+00,-8.782924652099609375e+00
-1.045883446931838989e-02,1.294818878173828125e+00,-7.939421653747558594e+00,-8.027923583984375000e+00
-8.465551733970642090e-01,-2.016408205032348633e+00,-6.700826168060302734e+00,-5.819699287414550781e+00
-1.482219845056533813e-01,-5.495908856391906738e-01,-7.669199466705322266e+00,-8.573827743530273438e+00
-5.611284971237182617e-01,-1.019931435585021973e+00,-6.912273406982421875e+00,-8.413923263549804688e+00
-1.393884897232055664e+00,-3.023179471492767334e-01,-7.967187404632568359e+00,-9.346108436584472656e+00
-4.192847609519958496e-01,5.483620166778564453e-01,-7.939296722412109375e+00,-9.050339698791503906e+00
-1.852676272392272949e-02,3.784130811691284180e-01,-8.764006614685058594e+00,-9.742902755737304688e+00
3.772259950637817383e-01,-6.484100818634033203e-01,-7.912944793701171875e+00,-8.495165824890136719e+00
8.403565883636474609e-01,7.866092920303344727e-01,-6.890075683593750000e+00,-8.362573623657226562e+00
2.485031783580780029e-01,-4.713852703571319580e-01,-8.011150360107421875e+00,-8.844293594360351562e+00
8.206322193145751953e-01,-1.911208033561706543e+00,-7.386002063751220703e+00,-7.397130966186523438e+00
-8.284175992012023926e-01,-4.060975015163421631e-01,-8.197546005249023438e+00,-9.382522583007812500e+00
-4.847584962844848633e-01,2.536961317062377930e+00,-7.719001770019531250e+00,-7.205632686614990234e+00
6.217414140701293945e-01,2.108934402465820312e+00,-6.950724601745605469e+00,-6.569869995117187500e+00
4.257829189300537109e-01,-4.316749870777130127e-01,-7.297418594360351562e+00,-8.563930511474609375e+00
1.096609473228454590e+00,3.113975822925567627e-01,-7.231133460998535156e+00,-8.747936248779296875e+00
7.665034532546997070e-01,-6.625503301620483398e-01,-7.329975128173828125e+00,-8.366403579711914062e+00
9.618963003158569336e-01,-1.039329171180725098e+00,-7.063478469848632812e+00,-7.619997978210449219e+00
3.032112121582031250e-01,5.842026323080062866e-02,-8.175955772399902344e+00,-9.433322906494140625e+00
1.356852889060974121e+00,-3.895119577646255493e-02,-7.228611946105957031e+00,-8.565633773803710938e+00
6.832246780395507812e-01,-1.403875350952148438e+00,-6.523232936859130859e+00,-7.467283248901367188e+00
3.442367076873779297e+00,2.790181934833526611e-01,-6.063630580902099609e+00,-8.075822830200195312e+00
1.140142440795898438e+00,8.920092582702636719e-01,-7.142970085144042969e+00,-8.152560234069824219e+00
2.363849163055419922e+00,-3.099022805690765381e-01,-6.379890441894531250e+00,-7.558403968811035156e+00
3.458669662475585938e+00,1.450365543365478516e+00,-6.180777549743652344e+00,-7.698110103607177734e+00
-4.410845637321472168e-01,8.717876076698303223e-01,-8.797954559326171875e+00,-1.039768600463867188e+01
2.022285461425781250e+00,-2.416920423507690430e+00,-6.756310462951660156e+00,-6.175119400024414062e+00
-4.002625346183776855e-01,7.858189940452575684e-01,-8.674646377563476562e+00,-9.869283676147460938e+00
8.570623993873596191e-01,5.320197939872741699e-01,-7.884304046630859375e+00,-8.990559577941894531e+00
-8.981465697288513184e-01,-1.328815519809722900e-01,-7.573969841003417969e+00,-8.974672317504882812e+00
-2.391064316034317017e-01,7.259853482246398926e-01,-8.185096740722656250e+00,-9.964429855346679688e+00
9.983851015567779541e-02,5.755474567413330078e-01,-8.920836448669433594e+00,-9.350584030151367188e+00
8.163424134254455566e-01,-6.773686408996582031e-01,-7.274761199951171875e+00,-8.525821685791015625e+00
-2.043665647506713867e+00,-1.250223636627197266e+00,-7.152082920074462891e+00,-9.092547416687011719e+00
3.526101350784301758e+00,-6.458950042724609375e-01,-5.651768684387207031e+00,-6.947772026062011719e+00
2.648345530033111572e-01,1.103720217943191528e-01,-8.017299652099609375e+00,-9.563802719116210938e+00
1.070064544677734375e+00,-1.602881789207458496e+00,-7.817886352539062500e+00,-8.289311408996582031e+00
-6.988387703895568848e-01,5.697305798530578613e-01,-7.977408885955810547e+00,-9.570383071899414062e+00
-8.527689576148986816e-01,2.960442006587982178e-02,-7.406167030334472656e+00,-9.293210983276367188e+00
1.167495489120483398e+00,-1.463818907737731934e+00,-7.227549552917480469e+00,-7.936869621276855469e+00
-6.328310072422027588e-02,-1.305311679840087891e+00,-7.975673675537109375e+00,-7.865804672241210938e+00
3.892677783966064453e+00,-1.262490630149841309e+00,-4.365399837493896484e+00,-5.912994861602783203e+00
1.192157745361328125e+00,2.083468139171600342e-01,-7.444696426391601562e+00,-8.885832786560058594e+00
3.083171844482421875e-01,-7.196701318025588989e-02,-8.163061141967773438e+00,-9.493431091308593750e+00
8.164181113243103027e-01,1.857404708862304688e+00,-6.089633941650390625e+00,-6.400791645050048828e+00
-6.908614635467529297e-01,8.409779667854309082e-01,-7.483010292053222656e+00,-8.352060317993164062e+00
9.090554118156433105e-01,-2.910445630550384521e-01,-7.942704200744628906e+00,-9.693078994750976562e+00
-5.311778187751770020e-01,-6.755408048629760742e-01,-8.301896095275878906e+00,-8.930456161499023438e+00
-1.308156728744506836e+00,-1.543162703514099121e+00,-6.517765045166015625e+00,-7.246513366699218750e+00
1.991491675376892090e+00,-1.170295238494873047e+00,-6.572687149047851562e+00,-7.020408153533935547e+00
4.595966339111328125e-01,7.170619368553161621e-01,-8.596847534179687500e+00,-8.678359985351562500e+00
1.612013280391693115e-01,8.448730111122131348e-01,-8.360502243041992188e+00,-1.000213623046875000e+01
4.484941959381103516e-01,1.774727344512939453e+00,-6.648978233337402344e+00,-7.050902366638183594e+00
-9.520048499107360840e-01,1.477295279502868652e+00,-7.207231044769287109e+00,-8.214385986328125000e+00
-2.209641218185424805e+00,1.327031403779983521e-01,-6.344253540039062500e+00,-8.773406982421875000e+00
1.243181347846984863e+00,2.082492262125015259e-01,-7.528760433197021484e+00,-8.900911331176757812e+00
1.684832930564880371e+00,-2.080107450485229492e+00,-7.358813762664794922e+00,-7.708381652832031250e+00
2.189058542251586914e+00,-6.954973340034484863e-01,-6.065485000610351562e+00,-7.431846141815185547e+00
-3.759525716304779053e-02,-1.168812513351440430e+00,-8.051023483276367188e+00,-7.844541549682617188e+00
-3.589365005493164062e+00,-1.764154672622680664e+00,-4.280663013458251953e+00,-8.155968666076660156e+00
-2.559462070465087891e+00,-1.381727099418640137e+00,-5.993327617645263672e+00,-8.619571685791015625e+00
5.782424286007881165e-02,2.185369253158569336e+00,-7.739668369293212891e+00,-7.611968040466308594e+00
3.531816899776458740e-01,-2.344416379928588867e-01,-7.543492317199707031e+00,-8.647874832153320312e+00
-6.978694796562194824e-01,-3.297083377838134766e+00,-6.995354652404785156e+00,-5.790489196777343750e+00
-1.015897691249847412e-01,-2.502446413040161133e+00,-7.035320281982421875e+00,-5.639689922332763672e+00
1.256033897399902344e+00,4.538349807262420654e-01,-6.903958320617675781e+00,-8.192337989807128906e+00
-7.049448490142822266e-01,2.884479761123657227e-01,-7.254367828369140625e+00,-8.836776733398437500e+00
1.800217866897583008e+00,1.404305547475814819e-01,-6.913297176361083984e+00,-8.503800392150878906e+00
8.186484575271606445e-01,-9.383513331413269043e-01,-7.360365390777587891e+00,-8.220421791076660156e+00
1.610855162143707275e-01,-1.115211486816406250e+00,-7.412745952606201172e+00,-7.531015396118164062e+00
-9.733715653419494629e-01,7.409505248069763184e-01,-9.374493598937988281e+00,-1.003000068664550781e+01
7.182128727436065674e-02,-1.542518019676208496e+00,-7.126919746398925781e+00,-6.837463378906250000e+00
1.408320665359497070e-02,2.621714591979980469e+00,-6.794164657592773438e+00,-6.437969207763671875e+00
5.296852588653564453e-01,-8.755839467048645020e-01,-8.421285629272460938e+00,-8.838031768798828125e+00
1.863648653030395508e+00,1.301833093166351318e-01,-6.649947166442871094e+00,-7.920463562011718750e+00
-9.808192849159240723e-01,3.630655109882354736e-01,-9.105384826660156250e+00,-1.091895294189453125e+01
1.927106976509094238e+00,-4.267045557498931885e-01,-6.460445880889892578e+00,-8.026252746582031250e+00
-4.760454297065734863e-01,-8.359036594629287720e-02,-8.129232406616210938e+00,-8.292018890380859375e+00
5.221343040466308594e-01,1.786562681198120117e+00,-7.138737201690673828e+00,-7.220252990722656250e+00
-1.199595570564270020e+00,2.189084529876708984e+00,-7.096502304077148438e+00,-7.811377525329589844e+00
-9.948331713676452637e-01,1.434440612792968750e+00,-7.334170818328857422e+00,-8.381048202514648438e+00
-7.863283753395080566e-01,2.688466787338256836e+00,-7.398557662963867188e+00,-7.554002761840820312e+00
-1.392048478126525879e+00,-1.388549804687500000e-01,-6.859154224395751953e+00,-8.922629356384277344e+00
9.277732968330383301e-01,-6.123471260070800781e-01,-7.357875347137451172e+00,-8.565486907958984375e+00
-6.823640465736389160e-01,1.929934382438659668e+00,-7.602501392364501953e+00,-8.087255477905273438e+00
-3.598872423171997070e+00,1.368603467941284180e+00,-5.582391262054443359e+00,-8.916171073913574219e+00
-3.068703413009643555e-01,5.205110907554626465e-01,-8.262619018554687500e+00,-9.893068313598632812e+00
1.722802370786666870e-01,-2.151159048080444336e+00,-6.758311271667480469e+00,-5.568541526794433594e+00
-2.215833514928817749e-01,-2.174935042858123779e-01,-7.948596477508544922e+00,-8.905191421508789062e+00
1.069012656807899475e-01,3.695974111557006836e+00,-6.554437637329101562e+00,-5.457026481628417969e+00
-1.287783861160278320e+00,-2.680185079574584961e+00,-6.697755813598632812e+00,-5.253053665161132812e+00
2.181464910507202148e+00,-1.654065012931823730e+00,-5.319945335388183594e+00,-5.947354316711425781e+00
-1.291952610015869141e+00,-3.246969461441040039e+00,-6.920235633850097656e+00,-4.869257450103759766e+00
-8.965019583702087402e-01,-4.109129607677459717e-01,-7.638681411743164062e+00,-8.631296157836914062e+00
-4.569731354713439941e-01,3.445840626955032349e-02,-8.023033142089843750e+00,-8.819509506225585938e+00
-1.522746324539184570e+00,-4.385482519865036011e-02,-6.164646148681640625e+00,-8.333799362182617188e+00
1.202682256698608398e+00,1.839945197105407715e+00,-6.650959014892578125e+00,-6.857029438018798828e+00
-2.083117216825485229e-01,-3.169242382049560547e+00,-7.468436241149902344e+00,-5.232266902923583984e+00
4.183146953582763672e-01,-5.975341200828552246e-01,-7.460723400115966797e+00,-8.171610832214355469e+00
9.667751193046569824e-01,2.047302126884460449e-01,-7.528480529785156250e+00,-8.897577285766601562e+00
2.331226348876953125e+00,8.672699928283691406e-01,-6.912783622741699219e+00,-7.918150424957275391e+00
-8.037497997283935547e-01,-2.128497362136840820e-01,-7.733911037445068359e+00,-8.822929382324218750e+00
2.355689108371734619e-01,-4.106561243534088135e-01,-7.568432331085205078e+00,-8.205416679382324219e+00
1.026931405067443848e+00,-3.846453428268432617e+00,-7.271992683410644531e+00,-5.045146942138671875e+00
-1.760206222534179688e+00,-9.646187424659729004e-01,-6.864412307739257812e+00,-8.449419021606445312e+00
1.049371480941772461e+00,6.232514977455139160e-01,-7.148951053619384766e+00,-8.429662704467773438e+00
-7.876994013786315918e-01,2.451506853103637695e-01,-7.220268249511718750e+00,-8.717877388000488281e+00
9.352095425128936768e-03,5.112168788909912109e-01,-8.834184646606445312e+00,-9.652208328247070312e+00
-3.606941103935241699e-01,-2.201396226882934570e+00,-6.500524520874023438e+00,-6.420470237731933594e+00
1.269583582878112793e+00,-1.273777246475219727e+00,-6.660440444946289062e+00,-7.769701004028320312e+00
1.670883536338806152e+00,6.584825515747070312e-01,-6.725586414337158203e+00,-8.300772666931152344e+00
-2.126930654048919678e-02,2.733478248119354248e-01,-8.988777160644531250e+00,-9.775672912597656250e+00
3.412185311317443848e-01,2.546817541122436523e+00,-6.442151069641113281e+00,-6.312100410461425781e+00
1.245808959007263184e+00,3.862355053424835205e-01,-6.895035743713378906e+00,-8.586862564086914062e+00
-1.416454195976257324e+00,-8.624920248985290527e-01,-7.444865703582763672e+00,-8.559754371643066406e+00
-1.613012909889221191e+00,-2.207297801971435547e+00,-6.423494815826416016e+00,-5.896348476409912109e+00
-1.632952570915222168e+00,8.725401759147644043e-01,-7.579343318939208984e+00,-8.911458969116210938e+00
6.267886161804199219e-01,-3.435717225074768066e-01,-7.432798385620117188e+00,-8.674270629882812500e+00
1.853073835372924805e+00,-4.580205380916595459e-01,-6.255849838256835938e+00,-7.458963871002197266e+00
1.745594263076782227e+00,-1.410254955291748047e+00,-6.218660354614257812e+00,-6.541861057281494141e+00
5.173079371452331543e-01,-2.848068773746490479e-01,-7.664746284484863281e+00,-8.827458381652832031e+00
3.349332809448242188e-01,-1.844303011894226074e+00,-6.431370735168457031e+00,-5.845995903015136719e+00
8.172948360443115234e-01,-2.524357080459594727e+00,-6.933129787445068359e+00,-5.810581207275390625e+00
1.219102382659912109e+00,-5.791318416595458984e-01,-7.474121093750000000e+00,-8.786975860595703125e+00
4.866944551467895508e-01,-8.743328452110290527e-01,-7.696839809417724609e+00,-8.037467956542968750e+00
-2.892178297042846680e+00,2.476361751556396484e+00,-4.884415626525878906e+00,-6.295378684997558594e+00
-2.404780149459838867e+00,-2.608037710189819336e+00,-6.005454063415527344e+00,-5.654444694519042969e+00
-9.895643591880798340e-01,3.841165006160736084e-01,-6.841062068939208984e+00,-8.172301292419433594e+00
1.103523492813110352e+00,3.527965843677520752e-01,-7.179210662841796875e+00,-8.630355834960937500e+00
3.207038938999176025e-01,2.567454099655151367e+00,-6.600492477416992188e+00,-6.752176284790039062e+00
5.573711991310119629e-01,-1.371612668037414551e+00,-7.085543632507324219e+00,-8.004386901855468750e+00
-2.713043093681335449e-01,1.905455350875854492e+00,-7.372867584228515625e+00,-7.660042762756347656e+00
9.129939973354339600e-02,-2.334997177124023438e+00,-7.128832817077636719e+00,-5.863765716552734375e+00
-1.818916797637939453e+00,1.380660653114318848e+00,-7.302927970886230469e+00,-8.553322792053222656e+00
-1.117744445800781250e+00,3.134185314178466797e+00,-6.322245597839355469e+00,-6.264966487884521484e+00
5.528811812400817871e-01,7.262201905250549316e-01,-7.924946784973144531e+00,-8.492176055908203125e+00
1.077412962913513184e+00,-3.859881162643432617e-01,-7.749853610992431641e+00,-9.246974945068359375e+00
-3.964583873748779297e-01,4.499033093452453613e-01,-7.601555824279785156e+00,-9.270978927612304688e+00
7.618792653083801270e-01,2.047855138778686523e+00,-6.740627765655517578e+00,-6.236837387084960938e+00
1.094922065734863281e+00,-1.008409380912780762e+00,-7.562898159027099609e+00,-8.111268043518066406e+00
-1.927373856306076050e-01,5.099986195564270020e-01,-7.634390830993652344e+00,-9.202054977416992188e+00
9.731888175010681152e-01,4.279571473598480225e-01,-7.678793907165527344e+00,-8.755872726440429688e+00
5.735633969306945801e-01,-2.990519404411315918e-01,-7.879959106445312500e+00,-9.067409515380859375e+00
9.157150387763977051e-01,-4.656841456890106201e-01,-7.513920783996582031e+00,-8.895151138305664062e+00
-1.764725446701049805e+00,5.897985696792602539e-01,-6.951678752899169922e+00,-8.873872756958007812e+00
-9.119392037391662598e-01,-4.897518455982208252e-01,-7.192253112792968750e+00,-8.216733932495117188e+00
-2.629337906837463379e-01,-1.246225610375404358e-01,-7.851136684417724609e+00,-8.468257904052734375e+00
-4.415318965911865234e-01,7.437185943126678467e-02,-7.813751220703125000e+00,-9.089493751525878906e+00
-9.859892725944519043e-02,5.945950374007225037e-02,-7.661053657531738281e+00,-8.744014739990234375e+00
7.771189808845520020e-01,-3.274247646331787109e-01,-7.443324089050292969e+00,-8.814990997314453125e+00
-1.532217860221862793e-02,2.347688198089599609e+00,-7.461177825927734375e+00,-7.466604709625244141e+00
-5.487198829650878906e-01,-1.424991846084594727e+00,-6.995910644531250000e+00,-7.614642143249511719e+00
1.046827316284179688e+00,9.603332281112670898e-01,-7.864272594451904297e+00,-8.162305831909179688e+00
1.048801422119140625e+00,7.381052970886230469e-01,-7.470797061920166016e+00,-7.970645904541015625e+00
-2.490916401147842407e-01,-1.353737354278564453e+00,-7.207232475280761719e+00,-7.296987056732177734e+00
-1.308365225791931152e+00,-5.066412687301635742e-01,-7.284090995788574219e+00,-8.406505584716796875e+00
3.129246830940246582e-01,-1.682162523269653320e+00,-7.626447677612304688e+00,-7.005788803100585938e+00
3.965996503829956055e-01,8.246009796857833862e-02,-7.817920207977294922e+00,-9.190185546875000000e+00
9.294956922531127930e-01,1.366631627082824707e+00,-7.240612983703613281e+00,-8.053657531738281250e+00
-1.767124384641647339e-01,1.009792089462280273e+00,-8.794723510742187500e+00,-9.105037689208984375e+00
1.284974217414855957e-01,2.801980733871459961e+00,-6.540042877197265625e+00,-6.588911056518554688e+00
-1.286491513252258301e+00,5.141144394874572754e-01,-6.730117797851562500e+00,-8.448818206787109375e+00
8.088334798812866211e-01,-1.902913212776184082e+00,-7.014101028442382812e+00,-6.465451240539550781e+00
1.651050806045532227e+00,4.857663810253143311e-01,-6.385118007659912109e+00,-7.706241607666015625e+00
1.310903429985046387e+00,-1.856576681137084961e+00,-6.978538513183593750e+00,-7.502594470977783203e+00
1.146452188491821289e+00,-9.028353542089462280e-02,-7.386807441711425781e+00,-8.734756469726562500e+00
1.554253220558166504e+00,-4.967390000820159912e-01,-6.787050724029541016e+00,-8.363754272460937500e+00
8.756143450736999512e-01,3.319582939147949219e+00,-6.032214164733886719e+00,-5.891039371490478516e+00
4.835086464881896973e-01,6.801252365112304688e-01,-7.896518707275390625e+00,-8.107411384582519531e+00
-1.446336746215820312e+00,1.462005138397216797e+00,-7.057209014892578125e+00,-7.884941577911376953e+00
2.806160688400268555e+00,-7.193663716316223145e-01,-6.009971618652343750e+00,-7.166098594665527344e+00
1.160017848014831543e+00,1.068834304809570312e+00,-7.006121158599853516e+00,-7.859521389007568359e+00
-2.566242814064025879e-01,1.973755359649658203e+00,-7.012497901916503906e+00,-7.229717254638671875e+00
-2.915132641792297363e-01,1.100369691848754883e+00,-8.083419799804687500e+00,-9.133718490600585938e+00
-4.090533852577209473e-01,1.838614702224731445e+00,-7.807340621948242188e+00,-7.985457897186279297e+00
9.295647144317626953e-01,-1.768425107002258301e-01,-7.656474590301513672e+00,-9.038661956787109375e+00
-1.451255828142166138e-01,3.166578710079193115e-01,-8.342543601989746094e+00,-9.227523803710937500e+00
6.926245689392089844e-01,5.811833143234252930e-01,-7.355179309844970703e+00,-8.858949661254882812e+00
3.277232050895690918e-01,5.644577145576477051e-01,-8.050360679626464844e+00,-9.147396087646484375e+00
1.512350320816040039e+00,8.443737030029296875e-02,-6.798196792602539062e+00,-8.233721733093261719e+00
-1.130364835262298584e-01,9.510709047317504883e-01,-8.611665725708007812e+00,-9.332035064697265625e+00
-5.197057127952575684e-01,1.406030356884002686e-01,-8.317529678344726562e+00,-9.114029884338378906e+00
-1.100964426994323730e+00,1.332857131958007812e+00,-7.520151138305664062e+00,-8.391332626342773438e+00
-2.780791997909545898e+00,-1.064390420913696289e+00,-5.654521465301513672e+00,-7.947007179260253906e+00
1.310544729232788086e+00,-5.515538454055786133e-01,-7.270911216735839844e+00,-8.532068252563476562e+00
-1.498977899551391602e+00,3.457996845245361328e-01,-7.821715831756591797e+00,-9.711580276489257812e+00
4.677531123161315918e-01,8.924646973609924316e-01,-8.007153511047363281e+00,-8.154362678527832031e+00
5.417232513427734375e-01,8.705759644508361816e-01,-8.692403793334960938e+00,-8.361920356750488281e+00
-2.185001522302627563e-01,-3.326099634170532227e+00,-6.763487815856933594e+00,-4.741955757141113281e+00
-8.387469053268432617e-01,-1.805911183357238770e+00,-6.740893363952636719e+00,-6.772909164428710938e+00
-6.819781661033630371e-02,-9.006797671318054199e-01,-7.768209457397460938e+00,-8.235246658325195312e+00
-1.401212573051452637e+00,-6.420369744300842285e-01,-7.346029281616210938e+00,-9.011815071105957031e+00
3.819368481636047363e-01,5.792385712265968323e-02,-8.487709045410156250e+00,-9.397925376892089844e+00
-1.060369610786437988e-02,-5.471934676170349121e-01,-8.658193588256835938e+00,-9.319664001464843750e+00
1.683525919914245605e+00,2.619959354400634766e+00,-6.203567504882812500e+00,-6.455449104309082031e+00
-1.389505982398986816e+00,4.149747788906097412e-01,-7.345754623413085938e+00,-8.892051696777343750e+00
-5.404233932495117188e-02,-1.132884263992309570e+00,-8.017082214355468750e+00,-8.071516990661621094e+00
-1.365646421909332275e-01,5.266039371490478516e-01,-8.896331787109375000e+00,-1.039386653900146484e+01
-2.877470493316650391e+00,1.325511097908020020e+00,-5.556801795959472656e+00,-8.023496627807617188e+00
4.008281826972961426e-01,-1.009548306465148926e+00,-7.943408966064453125e+00,-7.988370895385742188e+00
-3.704841136932373047e-01,-1.642942667007446289e+00,-6.795881271362304688e+00,-6.573449134826660156e+00
-1.940877556800842285e+00,1.054106593132019043e+00,-6.838445663452148438e+00,-8.608558654785156250e+00
-2.478750050067901611e-02,9.711619019508361816e-01,-9.242639541625976562e+00,-9.743738174438476562e+00
2.041175842285156250e+00,-1.542873859405517578e+00,-5.852414131164550781e+00,-6.564415931701660156e+00
-6.301320791244506836e-01,3.546356856822967529e-01,-7.271636962890625000e+00,-8.816596984863281250e+00
1.147074699401855469e+00,5.315544456243515015e-02,-7.474372863769531250e+00,-8.948476791381835938e+00
1.427195549011230469e+00,2.181353867053985596e-01,-7.304176807403564453e+00,-8.886775016784667969e+00
1.491272926330566406e+00,-1.603591084480285645e+00,-7.035884857177734375e+00,-7.096457958221435547e+00
-6.241695284843444824e-01,4.348709881305694580e-01,-7.174569129943847656e+00,-8.563169479370117188e+00
-1.423546075820922852e+00,1.795321702957153320e+00,-6.819679260253906250e+00,-7.905369758605957031e+00
1.077636361122131348e+00,-9.077420830726623535e-01,-7.140096664428710938e+00,-8.021141052246093750e+00
-1.223078072071075439e-01,-2.886338949203491211e+00,-7.386799812316894531e+00,-6.521140098571777344e+00
-1.356129765510559082e+00,1.317201405763626099e-01,-6.677429199218750000e+00,-8.415479660034179688e+00
-1.836794376373291016e+00,-2.079794645309448242e+00,-5.357630252838134766e+00,-5.849257469177246094e+00
6.631497740745544434e-01,3.398906886577606201e-01,-8.375520706176757812e+00,-9.350894927978515625e+00
-3.963033556938171387e-01,9.878101348876953125e-01,-7.445749282836914062e+00,-8.470672607421875000e+00
3.333897590637207031e-01,-2.394736707210540771e-01,-8.272478103637695312e+00,-9.019304275512695312e+00
1.633540034294128418e+00,7.805345207452774048e-02,-6.876953125000000000e+00,-8.681951522827148438e+00
-5.805453658103942871e-01,-4.327079951763153076e-01,-8.322167396545410156e+00,-8.904876708984375000e+00
1.708594799041748047e+00,-4.355675280094146729e-01,-6.538218498229980469e+00,-8.114640235900878906e+00
3.943468332290649414e-01,4.217703938484191895e-01,-8.378150939941406250e+00,-9.219669342041015625e+00
1.787593960762023926e-02,-1.438017249107360840e+00,-6.803936004638671875e+00,-7.145351409912109375e+00
-1.298283189535140991e-01,-2.102733850479125977e-01,-8.905822753906250000e+00,-9.514388084411621094e+00
-4.987673759460449219e-01,2.253673315048217773e+00,-7.593279838562011719e+00,-7.453139305114746094e+00
-1.067209839820861816e+00,-8.238804936408996582e-01,-8.093288421630859375e+00,-8.982113838195800781e+00
3.131900131702423096e-01,-1.529808640480041504e+00,-7.177873134613037109e+00,-6.795547962188720703e+00
1.160519123077392578e+00,-1.091658473014831543e+00,-7.212044715881347656e+00,-7.585317611694335938e+00
1.435382962226867676e+00,-4.913949668407440186e-01,-6.598912239074707031e+00,-8.078566551208496094e+00
1.226611971855163574e+00,2.050925493240356445e-01,-7.433429718017578125e+00,-8.997219085693359375e+00
1.262073516845703125e-01,1.600131154060363770e+00,-7.787251949310302734e+00,-7.899823188781738281e+00
5.839882493019104004e-01,1.735965609550476074e+00,-7.290308952331542969e+00,-7.327048301696777344e+00
-1.920956373214721680e-02,-2.270452678203582764e-01,-8.556556701660156250e+00,-8.938103675842285156e+00
-5.695257782936096191e-01,1.978534936904907227e+00,-7.075683593750000000e+00,-7.448568344116210938e+00
-1.168134331703186035e+00,-2.475389242172241211e-01,-8.352902412414550781e+00,-9.604598999023437500e+00
-1.512269377708435059e+00,2.381062030792236328e+00,-7.149940490722656250e+00,-7.919550418853759766e+00
1.436141490936279297e+00,-5.194111466407775879e-01,-7.028289794921875000e+00,-8.650295257568359375e+00
-1.930866599082946777e+00,1.469413638114929199e+00,-6.137550354003906250e+00,-7.118451118469238281e+00
-9.652233123779296875e-02,-4.662337154150009155e-02,-8.754383087158203125e+00,-9.089133262634277344e+00
5.727747678756713867e-01,-7.008323669433593750e-01,-8.292126655578613281e+00,-8.626892089843750000e+00
-6.590655446052551270e-02,6.156133115291595459e-02,-9.206012725830078125e+00,-9.717887878417968750e+00
3.485735952854156494e-01,-7.584274411201477051e-01,-7.469492912292480469e+00,-8.309241294860839844e+00
-3.371447324752807617e-02,6.596987843513488770e-01,-8.396352767944335938e+00,-9.783341407775878906e+00
-2.986277580261230469e+00,3.089373409748077393e-01,-6.083990573883056641e+00,-8.793107986450195312e+00
-1.619905591011047363e+00,-3.635179251432418823e-02,-6.009952545166015625e+00,-8.204572677612304688e+00
-2.232769489288330078e+00,2.157961368560791016e+00,-5.491194725036621094e+00,-6.494384765625000000e+00
9.517203569412231445e-01,-1.013158321380615234e+00,-7.088342666625976562e+00,-7.760817527770996094e+00
7.425525784492492676e-01,-1.224979043006896973e+00,-7.370594978332519531e+00,-7.647381305694580078e+00
-3.387898206710815430e-02,-2.526044100522994995e-02,-8.868638992309570312e+00,-9.261764526367187500e+00
3.074819594621658325e-02,-1.865134000778198242e+00,-7.526473999023437500e+00,-6.705057144165039062e+00
-3.485378026962280273e-01,-4.737093150615692139e-01,-7.662633895874023438e+00,-8.586029052734375000e+00
-1.299683570861816406e+00,8.849235177040100098e-01,-6.987839698791503906e+00,-8.525560379028320312e+00
1.120568394660949707e+00,9.695702195167541504e-01,-7.449191093444824219e+00,-7.852853298187255859e+00
-7.332627773284912109e-01,-5.501747727394104004e-01,-7.014456748962402344e+00,-7.793037414550781250e+00
-8.425433933734893799e-02,3.157686591148376465e-01,-8.238653182983398438e+00,-9.032299041748046875e+00
4.316411018371582031e-01,3.796376287937164307e-02,-7.906118869781494141e+00,-9.305010795593261719e+00
8.510296940803527832e-01,-6.597690582275390625e-01,-7.626212120056152344e+00,-8.481700897216796875e+00
8.333581089973449707e-01,9.091606736183166504e-01,-7.523694038391113281e+00,-8.691046714782714844e+00
7.827476263046264648e-01,-8.987552523612976074e-01,-8.219361305236816406e+00,-8.610426902770996094e+00
1.888753533363342285e+00,4.536458253860473633e-01,-6.893435001373291016e+00,-8.893037796020507812e+00
-1.684119820594787598e+00,7.843559980392456055e-01,-6.745507717132568359e+00,-8.212244033813476562e+00
-6.053521037101745605e-01,2.863750159740447998e-01,-7.327303886413574219e+00,-9.258241653442382812e+00
1.197214603424072266e+00,-1.149811983108520508e+00,-7.229030609130859375e+00,-7.544694900512695312e+00
-1.460947871208190918e+00,-5.711286514997482300e-02,-6.527226924896240234e+00,-9.002347946166992188e+00
5.529081821441650391e-01,-1.113886237144470215e+00,-7.473469734191894531e+00,-7.980716228485107422e+00
-2.252821445465087891e+00,2.843092978000640869e-01,-6.210316658020019531e+00,-8.463366508483886719e+00
4.484626650810241699e-01,5.593081712722778320e-01,-8.908321380615234375e+00,-9.847930908203125000e+00
2.800711989402770996e-01,-1.695924162864685059e+00,-6.768910408020019531e+00,-6.096618175506591797e+00
2.500024795532226562e+00,-5.458219647407531738e-01,-6.161048889160156250e+00,-6.883727073669433594e+00
6.131823658943176270e-01,1.991675943136215210e-01,-8.094116210937500000e+00,-9.341366767883300781e+00
-1.157027244567871094e+00,-2.077436447143554688e+00,-7.364957809448242188e+00,-6.656018257141113281e+00
-5.545709729194641113e-01,1.731967628002166748e-01,-7.524590492248535156e+00,-8.626787185668945312e+00
-6.229037642478942871e-01,1.510925590991973877e-01,-7.563950061798095703e+00,-8.868629455566406250e+00
5.606273412704467773e-01,1.306128859519958496e+00,-7.972810745239257812e+00,-8.704415321350097656e+00
8.298891782760620117e-02,4.811455011367797852e-01,-9.410696029663085938e+00,-1.009463310241699219e+01
3.900105953216552734e-01,-4.825688898563385010e-01,-7.561279773712158203e+00,-8.937232971191406250e+00
-3.655049204826354980e-01,-1.833979249000549316e+00,-6.998126029968261719e+00,-7.185575485229492188e+00
6.267148852348327637e-01,-2.188957929611206055e+00,-7.849654197692871094e+00,-6.580427646636962891e+00
1.343153834342956543e+00,-2.239406108856201172e+00,-7.024307727813720703e+00,-7.379099845886230469e+00
1.413329839706420898e+00,-6.150675415992736816e-01,-7.197552680969238281e+00,-8.643123626708984375e+00
-1.261216521263122559e+00,2.855461239814758301e-01,-6.971728324890136719e+00,-8.758832931518554688e+00
6.250870227813720703e-01,-2.221653610467910767e-02,-7.598837375640869141e+00,-8.754987716674804688e+00
3.559324145317077637e-01,-7.547205090522766113e-01,-7.802895545959472656e+00,-8.376169204711914062e+00
7.217684388160705566e-01,-2.840554714202880859e-01,-7.499448776245117188e+00,-9.146210670471191406e+00
1.223417401313781738e+00,1.457546651363372803e-01,-6.929924011230468750e+00,-8.544969558715820312e+00
-8.628475069999694824e-01,1.934584021568298340e+00,-6.960450172424316406e+00,-7.575918197631835938e+00
-1.577447175979614258e+00,6.427344083786010742e-01,-7.534695148468017578e+00,-9.002777099609375000e+00
-6.785554289817810059e-01,-2.257749080657958984e+00,-7.130205154418945312e+00,-6.198384284973144531e+00
-4.706156253814697266e-01,-2.943152904510498047e+00,-7.143857955932617188e+00,-5.728912830352783203e+00
8.217805027961730957e-01,8.864051699638366699e-01,-7.742144584655761719e+00,-8.777578353881835938e+00
1.177003502845764160e+00,7.764536142349243164e-01,-7.353602409362792969e+00,-8.067589759826660156e+00
8.856746554374694824e-01,2.446448087692260742e+00,-7.518188953399658203e+00,-6.790457725524902344e+00
-7.585477828979492188e-01,-2.674182176589965820e+00,-7.126714229583740234e+00,-6.368817329406738281e+00
-1.572025418281555176e+00,-2.152119398117065430e+00,-6.898796081542968750e+00,-6.361406326293945312e+00
-1.136144876480102539e+00,-4.393859952688217163e-02,-6.942323684692382812e+00,-8.797788619995117188e+00
-1.631440281867980957e+00,-6.404444575309753418e-01,-7.568141460418701172e+00,-9.407793045043945312e+00
2.808178663253784180e-01,-1.231611371040344238e+00,-7.792098999023437500e+00,-7.798045635223388672e+00
1.242228031158447266e+00,-1.129237771034240723e+00,-7.259982109069824219e+00,-7.991795063018798828e+00
1.555494904518127441e+00,-1.650622963905334473e+00,-7.765019416809082031e+00,-7.761729717254638672e+00
1.116382956504821777e+00,-3.525866031646728516e+00,-6.839971542358398438e+00,-4.906667709350585938e+00
2.089319974184036255e-01,-3.921143114566802979e-01,-8.139497756958007812e+00,-8.880189895629882812e+00
1.769537627696990967e-01,6.890860795974731445e-01,-8.710182189941406250e+00,-9.368680953979492188e+00
6.406918168067932129e-01,-1.191786289215087891e+00,-7.637538433074951172e+00,-7.776395797729492188e+00
1.241612210869789124e-01,7.416458129882812500e-01,-8.328925132751464844e+00,-9.551595687866210938e+00
-5.178481340408325195e-01,-9.041706919670104980e-01,-7.595208644866943359e+00,-8.606997489929199219e+00
-2.621494233608245850e-02,2.813845872879028320e-01,-8.668595314025878906e+00,-9.442513465881347656e+00
1.472732424736022949e-01,-8.116359710693359375e-01,-7.968882083892822266e+00,-8.400943756103515625e+00
4.451065063476562500e-01,1.300569891929626465e+00,-8.720832824707031250e+00,-8.309295654296875000e+00
-3.824144601821899414e-01,-1.748500823974609375e+00,-6.904952526092529297e+00,-6.367190361022949219e+00
9.793180823326110840e-01,-1.862229108810424805e-01,-7.326752185821533203e+00,-9.269651412963867188e+00
-2.129116058349609375e+00,1.066942691802978516e+00,-6.860495567321777344e+00,-8.905263900756835938e+00
-2.262808531522750854e-01,9.279323816299438477e-01,-8.622179031372070312e+00,-9.468210220336914062e+00
1.290562391281127930e+00,-4.752766788005828857e-01,-7.159957408905029297e+00,-8.906261444091796875e+00
2.553464174270629883e-01,7.769801020622253418e-01,-8.475811004638671875e+00,-8.991685867309570312e+00
-8.205595016479492188e-01,-4.009425342082977295e-01,-7.993449687957763672e+00,-9.051547050476074219e+00
7.385432720184326172e-01,-1.280352711677551270e+00,-6.887076377868652344e+00,-7.315312862396240234e+00
1.805380940437316895e+00,1.384379386901855469e+00,-7.541576385498046875e+00,-8.389777183532714844e+00
1.036651358008384705e-01,5.796516537666320801e-01,-8.547140121459960938e+00,-8.807178497314453125e+00
-1.808438420295715332e+00,1.848313689231872559e+00,-5.967126369476318359e+00,-5.815657615661621094e+00
-6.616459488868713379e-01,5.648733973503112793e-01,-8.321220397949218750e+00,-9.941803932189941406e+00
6.100882291793823242e-01,1.309473663568496704e-01,-7.775807857513427734e+00,-9.127376556396484375e+00
5.723752975463867188e-01,1.137395381927490234e+00,-8.718961715698242188e+00,-8.881900787353515625e+00
6.913404464721679688e-01,-1.171944499015808105e+00,-7.500256538391113281e+00,-7.734369277954101562e+00
-1.304851531982421875e+00,1.406747102737426758e+00,-7.253292083740234375e+00,-8.365283966064453125e+00
-7.167250514030456543e-01,-1.238484755158424377e-01,-8.253954887390136719e+00,-9.165264129638671875e+00
-2.598766803741455078e+00,-1.603775501251220703e+00,-7.108303070068359375e+00,-9.367029190063476562e+00
3.656699657440185547e-01,-1.284675240516662598e+00,-7.337034225463867188e+00,-7.197240829467773438e+00
-7.926272749900817871e-01,2.290152907371520996e-01,-7.158147811889648438e+00,-8.612743377685546875e+00
-8.992403149604797363e-01,2.564808845520019531e+00,-6.838642120361328125e+00,-6.855997085571289062e+00
-1.174815654754638672e+00,1.336412429809570312e+00,-7.336939811706542969e+00,-8.331899642944335938e+00
7.001610994338989258e-01,-9.656478762626647949e-01,-7.668550491333007812e+00,-8.419565200805664062e+00
-1.847857356071472168e+00,-7.919361591339111328e-01,-7.093891143798828125e+00,-8.702912330627441406e+00
6.382418870925903320e-01,-1.465744972229003906e-01,-7.604877471923828125e+00,-9.059532165527343750e+00
-1.940296143293380737e-01,4.092592298984527588e-01,-8.720207214355468750e+00,-9.877691268920898438e+00
-1.551749825477600098e+00,1.676899343729019165e-01,-7.243256568908691406e+00,-9.360675811767578125e+00
-3.717564344406127930e-01,7.762173414230346680e-01,-8.207660675048828125e+00,-9.615438461303710938e+00
1.535808324813842773e+00,2.090746164321899414e-01,-6.880322456359863281e+00,-8.247798919677734375e+00
8.057272434234619141e-02,-2.544260323047637939e-01,-8.537130355834960938e+00,-8.835388183593750000e+00
1.830870747566223145e+00,3.651916682720184326e-01,-7.274244308471679688e+00,-8.709212303161621094e+00
-4.385127425193786621e-01,4.854052364826202393e-01,-7.854660511016845703e+00,-9.742128372192382812e+00
-1.363450646400451660e+00,-1.377548217773437500e+00,-6.713016033172607422e+00,-8.310864448547363281e+00
1.456558227539062500e+00,-6.526560783386230469e-01,-7.043302059173583984e+00,-8.657651901245117188e+00
1.728774309158325195e+00,-8.584008812904357910e-01,-6.034977912902832031e+00,-7.308140754699707031e+00
3.459339141845703125e-01,-1.433257699012756348e+00,-7.627150058746337891e+00,-7.178109169006347656e+00
-2.570005059242248535e-01,-7.958894222974777222e-02,-8.101688385009765625e+00,-9.194252014160156250e+00
1.989365518093109131e-01,5.751936882734298706e-02,-8.003449440002441406e+00,-9.243745803833007812e+00
6.727778911590576172e-01,5.454589724540710449e-01,-7.582380294799804688e+00,-9.283880233764648438e+00
-1.622891068458557129e+00,-8.812482953071594238e-01,-6.573378086090087891e+00,-8.175025939941406250e+00
8.354033827781677246e-01,-2.804267406463623047e+00,-6.627427101135253906e+00,-4.964686393737792969e+00
-9.677018225193023682e-02,7.265934348106384277e-01,-8.322389602661132812e+00,-1.029024696350097656e+01
-9.405689835548400879e-01,3.400315642356872559e-01,-7.036403656005859375e+00,-8.893125534057617188e+00
8.419755101203918457e-01,-8.158283829689025879e-01,-6.597862243652343750e+00,-7.953814506530761719e+00
-2.133756428956985474e-01,-2.365910530090332031e+00,-6.218639850616455078e+00,-6.537399768829345703e+00
-9.441217780113220215e-01,8.071302175521850586e-01,-8.130690574645996094e+00,-8.491138458251953125e+00
-1.665108352899551392e-01,-5.343540757894515991e-02,-8.414882659912109375e+00,-8.739368438720703125e+00
3.826227188110351562e-01,7.937429547309875488e-01,-8.739936828613281250e+00,-8.871716499328613281e+00
-1.013839244842529297e+00,-2.293853998184204102e+00,-6.788949012756347656e+00,-5.566764354705810547e+00
-1.437093019485473633e+00,1.315289974212646484e+00,-7.342822074890136719e+00,-7.904181480407714844e+00
-1.525184988975524902e+00,2.473302602767944336e+00,-6.477547645568847656e+00,-7.334465980529785156e+00
6.114681959152221680e-01,1.884050071239471436e-01,-7.785749912261962891e+00,-9.082334518432617188e+00
1.152230352163314819e-01,-3.506844043731689453e-01,-7.923568248748779297e+00,-9.149919509887695312e+00
7.723299860954284668e-01,-2.173387765884399414e+00,-7.310756683349609375e+00,-6.606002807617187500e+00
4.861636161804199219e-01,-4.387003481388092041e-01,-7.244047164916992188e+00,-8.682344436645507812e+00
1.053894042968750000e+00,4.705432355403900146e-01,-7.352808952331542969e+00,-8.063396453857421875e+00
3.913308978080749512e-01,1.668904721736907959e-02,-8.274151802062988281e+00,-9.303089141845703125e+00
1.026450991630554199e+00,-1.034804463386535645e+00,-6.805755138397216797e+00,-7.713960647583007812e+00
1.783415079116821289e-01,1.353796124458312988e-01,-8.841136932373046875e+00,-9.622559547424316406e+00
-6.251612305641174316e-01,-6.115809082984924316e-03,-7.432150840759277344e+00,-8.578603744506835938e+00
-8.271188735961914062e-01,7.256610691547393799e-02,-7.489728927612304688e+00,-9.025770187377929688e+00
-9.868140816688537598e-01,-2.401790380477905273e+00,-7.129688739776611328e+00,-5.976890563964843750e+00
9.469404220581054688e-01,-9.939057230949401855e-01,-7.289783000946044922e+00,-8.051411628723144531e+00
1.638375163078308105e+00,-1.642388939857482910e+00,-6.792189598083496094e+00,-7.449635505676269531e+00
-1.245969653129577637e+00,5.282443165779113770e-01,-7.356346130371093750e+00,-8.876236915588378906e+00
-9.623889327049255371e-01,1.572659015655517578e+00,-6.551512718200683594e+00,-7.520403861999511719e+00
9.785117506980895996e-01,-1.684435307979583740e-01,-7.385643005371093750e+00,-9.259840011596679688e+00
-5.931791067123413086e-01,1.714678525924682617e+00,-7.520849227905273438e+00,-7.752546310424804688e+00
1.692490696907043457e+00,-7.406042218208312988e-01,-6.448331832885742188e+00,-7.743658065795898438e+00
-2.922722697257995605e-02,-7.734876871109008789e-01,-8.362519264221191406e+00,-8.734415054321289062e+00
3.032017350196838379e-01,1.948349595069885254e+00,-7.387266635894775391e+00,-8.002321243286132812e+00
-5.543836951255798340e-01,1.278243184089660645e+00,-6.911401748657226562e+00,-7.537671089172363281e+00
6.093447804450988770e-01,1.541855454444885254e+00,-7.430602550506591797e+00,-8.152957916259765625e+00
-8.034486770629882812e-01,4.519739151000976562e-01,-7.524389266967773438e+00,-9.332275390625000000e+00
-5.772989988327026367e-01,-2.336803436279296875e+00,-6.616208076477050781e+00,-6.104938030242919922e+00
-1.574557662010192871e+00,1.065505862236022949e+00,-6.885774612426757812e+00,-8.219776153564453125e+00
-1.420406818389892578e+00,2.551940917968750000e+00,-7.124260902404785156e+00,-7.780852317810058594e+00
-4.676729440689086914e-01,3.152057826519012451e-01,-8.889087677001953125e+00,-1.053821372985839844e+01
-1.789964675903320312e+00,4.948897063732147217e-01,-6.693146705627441406e+00,-8.600662231445312500e+00
-3.404151797294616699e-01,-2.279751598834991455e-01,-8.207386016845703125e+00,-8.893976211547851562e+00
-2.578611373901367188e-01,4.382050335407257080e-01,-7.936244964599609375e+00,-9.630783081054687500e+00
1.915708065032958984e+00,3.771988451480865479e-01,-7.104808807373046875e+00,-8.715934753417968750e+00
-2.258390188217163086e+00,-1.060011625289916992e+00,-6.273696899414062500e+00,-8.762012481689453125e+00
7.367330193519592285e-01,5.654885768890380859e-01,-8.582572937011718750e+00,-9.488538742065429688e+00
-3.030505180358886719e-01,2.956183552742004395e-01,-9.561517715454101562e+00,-1.078284549713134766e+01
1.079881310462951660e+00,-2.748481035232543945e+00,-6.881414413452148438e+00,-5.534958839416503906e+00
-1.035644054412841797e+00,-3.736239075660705566e-01,-7.196528434753417969e+00,-8.701129913330078125e+00
2.820375680923461914e+00,1.286316990852355957e+00,-7.556039810180664062e+00,-8.442604064941406250e+00
1.998911857604980469e+00,7.677276432514190674e-02,-6.884488105773925781e+00,-8.889207839965820312e+00
7.003456950187683105e-01,1.097239017486572266e+00,-7.898565769195556641e+00,-8.541616439819335938e+00
1.371574640274047852e+00,-3.275630712509155273e+00,-7.031467914581298828e+00,-5.578246593475341797e+00
-9.735716879367828369e-02,-2.370847225189208984e+00,-6.729723453521728516e+00,-5.557004928588867188e+00
-2.671033143997192383e-04,3.495260477066040039e+00,-6.288264274597167969e+00,-5.596459388732910156e+00
6.267036795616149902e-01,-1.591624021530151367e+00,-6.973381996154785156e+00,-6.666594028472900391e+00
-1.493705749511718750e+00,1.442639470100402832e+00,-6.798750877380371094e+00,-7.789667129516601562e+00
-2.803614735603332520e-01,-2.109401226043701172e+00,-7.103059768676757812e+00,-6.112999439239501953e+00
1.391742706298828125e+00,-9.055520892143249512e-01,-6.849893569946289062e+00,-7.749645709991455078e+00
2.029123008251190186e-01,-2.736048698425292969e-01,-7.868984222412109375e+00,-8.400834083557128906e+00
-6.097979843616485596e-02,2.015892863273620605e-01,-9.571394920349121094e+00,-1.017183113098144531e+01
9.440317004919052124e-02,2.988616943359375000e+00,-6.237942695617675781e+00,-5.873871326446533203e+00
-2.403408139944076538e-01,6.411055326461791992e-01,-7.430800437927246094e+00,-9.329681396484375000e+00
-1.171697020530700684e+00,1.688741803169250488e+00,-6.837527275085449219e+00,-7.632241249084472656e+00
-1.254914760589599609e+00,-1.996153950691223145e+00,-6.902756214141845703e+00,-6.407966613769531250e+00
9.984307885169982910e-01,-1.340209007263183594e+00,-7.287793636322021484e+00,-7.895091056823730469e+00
4.790253639221191406e-01,-6.408286094665527344e-01,-7.275419712066650391e+00,-8.052843093872070312e+00
2.527926921844482422e+00,-3.601036667823791504e-01,-6.061299324035644531e+00,-7.376296997070312500e+00
-1.486493587493896484e+00,4.691751599311828613e-01,-7.275898933410644531e+00,-9.789484024047851562e+00
7.220288515090942383e-01,-1.642348527908325195e+00,-6.965923786163330078e+00,-7.030455589294433594e+00
1.745763421058654785e+00,3.516208827495574951e-01,-7.255311012268066406e+00,-8.848687171936035156e+00
-8.620095252990722656e-01,6.320732235908508301e-01,-7.437622070312500000e+00,-8.596961975097656250e+00
-2.222882032394409180e+00,-2.463182210922241211e-01,-4.190720558166503906e+00,-7.811901569366455078e+00
8.564646840095520020e-01,-3.755629807710647583e-02,-7.578311443328857422e+00,-8.963207244873046875e+00
2.634284496307373047e-01,-9.422636628150939941e-01,-7.880565643310546875e+00,-7.696221828460693359e+00
-1.135658621788024902e+00,6.183852553367614746e-01,-7.568034648895263672e+00,-9.239515304565429688e+00
2.606119632720947266e+00,-7.383667826652526855e-01,-5.811361312866210938e+00,-7.252550125122070312e+00
1.188994884490966797e+00,1.475015640258789062e+00,-8.285863876342773438e+00,-8.691056251525878906e+00
7.002846896648406982e-02,-5.064199119806289673e-02,-8.836082458496093750e+00,-9.242930412292480469e+00
2.324797153472900391e+00,-1.776639699935913086e+00,-5.501438140869140625e+00,-5.477584838867187500e+00
3.261772990226745605e-01,-1.199300512671470642e-01,-7.985208511352539062e+00,-8.986389160156250000e+00
1.101930499076843262e+00,1.063072443008422852e+00,-7.203558921813964844e+00,-8.179288864135742188e+00
5.898479819297790527e-01,-1.125301480293273926e+00,-7.301561355590820312e+00,-7.139910697937011719e+00
-3.048010110855102539e+00,1.121219515800476074e+00,-5.211701393127441406e+00,-7.974663257598876953e+00
-1.414906263351440430e+00,3.517467081546783447e-01,-7.311688423156738281e+00,-9.213810920715332031e+00
2.509297609329223633e+00,1.496315240859985352e+00,-6.842124938964843750e+00,-8.166863441467285156e+00
5.506810545921325684e-01,-6.817089766263961792e-02,-8.558627128601074219e+00,-9.223681449890136719e+00
3.166414976119995117e+00,-1.226659297943115234e+00,-5.238461017608642578e+00,-6.257091045379638672e+00
3.353049039840698242e+00,1.259049057960510254e+00,-5.335661411285400391e+00,-7.374366283416748047e+00
4.668390750885009766e-01,-6.224521994590759277e-01,-7.470044612884521484e+00,-8.329280853271484375e+00
1.010539293289184570e+00,-1.870539188385009766e+00,-7.540388107299804688e+00,-7.283505439758300781e+00
-8.403064310550689697e-02,-2.788293838500976562e+00,-6.887946605682373047e+00,-5.995941638946533203e+00
5.454172566533088684e-02,1.749461770057678223e+00,-7.183476448059082031e+00,-7.429907321929931641e+00
3.038676381111145020e-01,-1.022097945213317871e+00,-7.365266323089599609e+00,-7.704678535461425781e+00
4.657576680183410645e-01,1.057792305946350098e+00,-8.667154312133789062e+00,-9.449794769287109375e+00
-8.061186671257019043e-01,2.227320373058319092e-01,-6.801088809967041016e+00,-8.419258117675781250e+00
2.871381998062133789e+00,-5.416810512542724609e-01,-6.168218612670898438e+00,-7.501714706420898438e+00
3.437451720237731934e-01,-1.451953768730163574e+00,-7.278338432312011719e+00,-6.864727973937988281e+00
-2.486610651016235352e+00,-2.032023906707763672e+00,-7.250930309295654297e+00,-8.857080459594726562e+00
-9.956212639808654785e-01,-1.366037487983703613e+00,-7.278819084167480469e+00,-8.043219566345214844e+00
-7.840005755424499512e-01,-1.310347437858581543e+00,-7.021020889282226562e+00,-7.638036727905273438e+00
-1.575994014739990234e+00,2.577747106552124023e+00,-6.445447921752929688e+00,-7.108431816101074219e+00
3.749647140502929688e-01,-3.163200616836547852e+00,-7.590789794921875000e+00,-6.093009948730468750e+00
2.960797250270843506e-01,3.486900031566619873e-02,-8.522743225097656250e+00,-9.313892364501953125e+00
-8.047220706939697266e-01,1.451438188552856445e+00,-6.846942424774169922e+00,-7.550217628479003906e+00
-3.139162063598632812e-01,8.809483051300048828e-01,-8.450536727905273438e+00,-9.254259109497070312e+00
-7.078753709793090820e-01,-8.504394441843032837e-02,-7.800179481506347656e+00,-8.800310134887695312e+00
-2.079366683959960938e+00,-1.689673423767089844e+00,-7.252235412597656250e+00,-9.665355682373046875e+00
1.217799186706542969e+00,-2.118006944656372070e+00,-7.234721183776855469e+00,-7.832314491271972656e+00
9.930568933486938477e-01,-6.067414283752441406e-01,-7.169455528259277344e+00,-8.467937469482421875e+00
-5.353083610534667969e-01,1.188416600227355957e+00,-7.494956970214843750e+00,-8.846681594848632812e+00
1.502792954444885254e+00,-5.848001241683959961e-01,-6.658974647521972656e+00,-7.927093505859375000e+00
-6.422564387321472168e-01,-7.005080580711364746e-01,-7.705937385559082031e+00,-8.314956665039062500e+00
-2.422980815172195435e-01,2.663591861724853516e+00,-6.870471000671386719e+00,-6.694552898406982422e+00
2.377815544605255127e-02,-5.213531255722045898e-01,-8.288991928100585938e+00,-9.069080352783203125e+00
9.642065167427062988e-01,2.246847391128540039e+00,-6.690416336059570312e+00,-6.337826728820800781e+00
2.115193307399749756e-01,1.938252329826354980e+00,-7.369618415832519531e+00,-7.846916198730468750e+00
-8.569611310958862305e-01,-2.661410808563232422e+00,-6.813524246215820312e+00,-5.562551498413085938e+00
-1.346165657043457031e+00,-1.485579609870910645e+00,-7.763040065765380859e+00,-8.710451126098632812e+00
1.560754895210266113e+00,9.677679538726806641e-01,-7.014658927917480469e+00,-7.685747146606445312e+00
9.140814542770385742e-01,-1.102791070938110352e+00,-6.868692874908447266e+00,-7.755588531494140625e+00
1.010637760162353516e+00,-2.993181645870208740e-01,-7.311876296997070312e+00,-8.714588165283203125e+00
1.094958558678627014e-01,-1.201573729515075684e+00,-7.704020977020263672e+00,-7.629440784454345703e+00
6.043367981910705566e-01,-1.425258815288543701e-03,-8.261623382568359375e+00,-9.159090042114257812e+00
1.043094396591186523e+00,8.310876488685607910e-01,-7.406065464019775391e+00,-8.362493515014648438e+00
-1.847288757562637329e-01,-1.111267566680908203e+00,-8.150211334228515625e+00,-8.065256118774414062e+00
-1.472866535186767578e+00,1.556566834449768066e+00,-6.795323371887207031e+00,-8.168121337890625000e+00
1.804271340370178223e+00,-5.164957642555236816e-01,-6.689754962921142578e+00,-7.874579429626464844e+00
3.513345122337341309e-01,6.495777964591979980e-01,-8.216184616088867188e+00,-8.276181221008300781e+00
1.896190285682678223e+00,-2.305470705032348633e-01,-6.860668182373046875e+00,-8.594923019409179688e+00
8.599303364753723145e-01,-2.932166308164596558e-02,-7.504387855529785156e+00,-8.700351715087890625e+00
6.394789814949035645e-01,-4.354915767908096313e-02,-7.337394237518310547e+00,-8.784305572509765625e+00
7.698495984077453613e-01,-3.051703870296478271e-01,-7.252848625183105469e+00,-8.761664390563964844e+00
-6.258329749107360840e-01,1.114725112915039062e+00,-8.108844757080078125e+00,-9.289012908935546875e+00
-1.489629864692687988e+00,-1.850998759269714355e+00,-5.941585540771484375e+00,-6.504906654357910156e+00
3.334329724311828613e-01,1.176890358328819275e-01,-8.092122077941894531e+00,-9.256685256958007812e+00
-5.041256546974182129e-01,7.051760554313659668e-01,-7.900922298431396484e+00,-9.578152656555175781e+00
-9.791325926780700684e-01,1.172991693019866943e-01,-7.122989177703857422e+00,-8.579432487487792969e+00
-3.105562329292297363e-01,-2.163661241531372070e+00,-6.573224544525146484e+00,-6.455730438232421875e+00
-5.682458281517028809e-01,-4.308571517467498779e-01,-8.538892745971679688e+00,-8.960782051086425781e+00
-1.120871663093566895e+00,2.598599493503570557e-01,-7.328018188476562500e+00,-9.202125549316406250e+00
7.837855815887451172e-01,7.622371315956115723e-01,-7.406298160552978516e+00,-8.530752182006835938e+00
-3.954764604568481445e+00,2.020009756088256836e+00,-5.178890228271484375e+00,-7.287897109985351562e+00
-2.003772109746932983e-01,-5.703442096710205078e-01,-7.931525230407714844e+00,-8.368198394775390625e+00
-1.396743297576904297e+00,1.162900850176811218e-01,-6.604975223541259766e+00,-8.283041000366210938e+00
2.421428263187408447e-01,4.677319228649139404e-01,-8.337087631225585938e+00,-9.494924545288085938e+00
6.009035110473632812e-01,2.250738888978958130e-01,-8.788812637329101562e+00,-9.794757843017578125e+00
-1.417604327201843262e+00,-1.430569887161254883e-01,-6.898032188415527344e+00,-9.000528335571289062e+00
1.040776669979095459e-01,-2.413541078567504883e-01,-8.757356643676757812e+00,-9.159657478332519531e+00
-1.509931325912475586e+00,-1.644676446914672852e+00,-6.638507843017578125e+00,-7.462601661682128906e+00
3.882185220718383789e+00,-1.004586443305015564e-01,-5.068281650543212891e+00,-6.637824535369873047e+00
1.573850393295288086e+00,4.113770723342895508e-01,-6.789807796478271484e+00,-8.476344108581542969e+00
2.671390056610107422e+00,6.987853646278381348e-01,-6.569521903991699219e+00,-8.549364089965820312e+00
3.231357932090759277e-01,9.457520842552185059e-01,-8.564312934875488281e+00,-9.134096145629882812e+00
7.063332200050354004e-01,-3.787165135145187378e-02,-7.840544700622558594e+00,-8.937705993652343750e+00
4.981428384780883789e-01,-7.491533160209655762e-01,-7.829389095306396484e+00,-8.889106750488281250e+00
6.695042848587036133e-01,8.950263261795043945e-01,-8.099582672119140625e+00,-9.066345214843750000e+00
2.474250793457031250e-01,7.542867958545684814e-02,-8.259717941284179688e+00,-9.494653701782226562e+00
-4.277937412261962891e-01,-2.412447214126586914e+00,-6.683734893798828125e+00,-6.038306713104248047e+00
3.490865230560302734e-03,-2.461835443973541260e-01,-8.542144775390625000e+00,-8.878580093383789062e+00
2.187505960464477539e+00,-1.652429223060607910e+00,-5.604578495025634766e+00,-6.679354667663574219e+00
1.049349069595336914e+00,8.665999770164489746e-01,-7.064828872680664062e+00,-7.770447731018066406e+00
1.132756471633911133e+00,3.554254770278930664e-01,-7.385743141174316406e+00,-8.924917221069335938e+00
8.367962241172790527e-01,5.107941627502441406e-01,-8.339700698852539062e+00,-9.193861961364746094e+00
1.455461680889129639e-01,3.373343706130981445e+00,-5.717628479003906250e+00,-5.248832702636718750e+00
-5.964280962944030762e-01,4.385585784912109375e-01,-7.800703048706054688e+00,-9.247667312622070312e+00
1.030797362327575684e+00,1.898461580276489258e-02,-7.713943481445312500e+00,-9.212972640991210938e+00
3.767389655113220215e-01,2.195309638977050781e+00,-6.650473594665527344e+00,-6.707716941833496094e+00
1.177420094609260559e-01,3.609328567981719971e-01,-8.677744865417480469e+00,-9.281579971313476562e+00
-8.469176292419433594e-01,4.525085985660552979e-01,-7.891601085662841797e+00,-9.624351501464843750e+00
8.146926164627075195e-01,6.731326580047607422e-01,-6.852520942687988281e+00,-8.723990440368652344e+00
-3.007018566131591797e-01,1.436927437782287598e+00,-7.679040431976318359e+00,-8.055117607116699219e+00
-6.568043828010559082e-01,-3.189780116081237793e-01,-7.606566429138183594e+00,-8.738636970520019531e+00
-4.798009991645812988e-03,2.213842868804931641e+00,-8.220815658569335938e+00,-8.492586135864257812e+00
-4.630157351493835449e-01,4.981914460659027100e-01,-7.927618026733398438e+00,-9.417161941528320312e+00
1.739717721939086914e-01,-4.325908124446868896e-01,-7.692945003509521484e+00,-8.772327423095703125e+00
1.105887532234191895e+00,-2.483836174011230469e+00,-6.845013618469238281e+00,-5.814328193664550781e+00
-1.761716485023498535e+00,-1.027631536126136780e-01,-5.898140907287597656e+00,-8.341096878051757812e+00
-6.621643900871276855e-01,5.846126079559326172e-01,-7.713307380676269531e+00,-8.960636138916015625e+00
1.979423761367797852e-01,3.086555957794189453e+00,-5.672711372375488281e+00,-5.404904365539550781e+00
3.243104696273803711e+00,8.387417197227478027e-01,-5.510452747344970703e+00,-7.287594795227050781e+00
-1.558724522590637207e+00,-1.162400007247924805e+00,-7.379782676696777344e+00,-8.721095085144042969e+00
-6.399805545806884766e-01,4.310989379882812500e-01,-8.013746261596679688e+00,-9.639478683471679688e+00
-1.658069849014282227e+00,3.806391954421997070e-01,-6.528491020202636719e+00,-8.581958770751953125e+00
-1.424642205238342285e+00,-1.874453127384185791e-01,-7.202351570129394531e+00,-9.455930709838867188e+00
9.657667279243469238e-01,4.039322435855865479e-01,-7.152211189270019531e+00,-8.603666305541992188e+00
1.386253237724304199e+00,1.147090196609497070e+00,-7.112607002258300781e+00,-7.728562355041503906e+00
1.138354301452636719e+00,5.365591496229171753e-02,-7.473865509033203125e+00,-8.897732734680175781e+00
3.811413794755935669e-02,-6.029275804758071899e-02,-8.941286087036132812e+00,-9.697689056396484375e+00
4.002943634986877441e-03,-2.082556486129760742e+00,-6.552863121032714844e+00,-5.844691276550292969e+00
2.087699413299560547e+00,-1.961772084236145020e+00,-5.849542140960693359e+00,-6.285245418548583984e+00
-5.011434853076934814e-02,-2.278882503509521484e+00,-6.650324821472167969e+00,-5.765639305114746094e+00
5.779437422752380371e-01,-1.649837493896484375e+00,-7.061286449432373047e+00,-6.794473648071289062e+00
8.581358194351196289e-01,1.132360696792602539e+00,-8.033529281616210938e+00,-9.071466445922851562e+00
5.101159960031509399e-02,-8.908212780952453613e-01,-7.548007965087890625e+00,-8.059968948364257812e+00
1.439111232757568359e+00,-1.294117212295532227e+00,-6.654754638671875000e+00,-7.953069686889648438e+00
1.812006682157516479e-01,-8.169028162956237793e-01,-7.668843269348144531e+00,-8.393360137939453125e+00
-8.768056035041809082e-01,1.411073684692382812e+00,-7.150681018829345703e+00,-8.008784294128417969e+00
4.464941471815109253e-02,1.335848212242126465e+00,-8.170268058776855469e+00,-8.193912506103515625e+00
-5.400584936141967773e-01,-1.582816362380981445e+00,-6.258438110351562500e+00,-6.285340309143066406e+00
2.026684522628784180e+00,1.007768988609313965e+00,-6.280321121215820312e+00,-8.135066986083984375e+00
1.929901599884033203e+00,-9.679983258247375488e-01,-6.119493484497070312e+00,-7.212837219238281250e+00
1.197509765625000000e+00,-1.566009879112243652e+00,-6.590214729309082031e+00,-7.339211463928222656e+00
3.089349746704101562e+00,-1.400125861167907715e+00,-5.260695457458496094e+00,-6.216784954071044922e+00
5.974954962730407715e-01,-6.669758558273315430e-01,-7.368504524230957031e+00,-8.310195922851562500e+00
1.018838882446289062e+00,-4.664907157421112061e-01,-7.684494972229003906e+00,-9.351570129394531250e+00
2.404527902603149414e+00,-8.365436196327209473e-01,-6.332203865051269531e+00,-7.455730915069580078e+00
6.376103311777114868e-02,-3.179884433746337891e+00,-7.195854187011718750e+00,-6.361343383789062500e+00
8.439193367958068848e-01,-3.270688354969024658e-01,-7.443607330322265625e+00,-9.161676406860351562e+00
-3.018894791603088379e-02,-3.213678598403930664e+00,-6.878314971923828125e+00,-5.262745380401611328e+00
-2.544394731521606445e+00,-2.125140428543090820e+00,-6.787322998046875000e+00,-8.088527679443359375e+00
8.430244922637939453e-01,-9.071435332298278809e-01,-7.589048385620117188e+00,-8.434504508972167969e+00
5.837913751602172852e-01,-1.361009716987609863e+00,-7.233617782592773438e+00,-7.218109130859375000e+00
2.916848421096801758e+00,-9.828823208808898926e-01,-5.141379356384277344e+00,-6.540141105651855469e+00
-2.836389541625976562e-01,5.778754949569702148e-01,-7.700876235961914062e+00,-9.179674148559570312e+00
2.009949684143066406e+00,-1.543691873550415039e+00,-6.002202033996582031e+00,-6.503807544708251953e+00
1.370429515838623047e+00,-1.307260394096374512e+00,-6.399035453796386719e+00,-7.515412330627441406e+00
-1.006161868572235107e-01,-3.859521448612213135e-01,-7.878460884094238281e+00,-8.858992576599121094e+00
3.847700953483581543e-01,4.071411192417144775e-01,-8.582958221435546875e+00,-9.220575332641601562e+00
-2.962502837181091309e-02,-8.531441688537597656e-01,-8.227088928222656250e+00,-8.562393188476562500e+00
2.679369926452636719e+00,-1.926119327545166016e-01,-6.056823730468750000e+00,-7.540391921997070312e+00
-6.154829859733581543e-01,-3.126441538333892822e-01,-7.748833179473876953e+00,-8.586972236633300781e+00
-5.894878506660461426e-01,-5.481347441673278809e-01,-7.639466285705566406e+00,-8.504373550415039062e+00
1.050846338272094727e+00,6.865237355232238770e-01,-6.735140800476074219e+00,-7.588351726531982422e+00
-1.112647175788879395e+00,-1.536414980888366699e+00,-6.911630630493164062e+00,-8.031228065490722656e+00
1.931281089782714844e-01,-6.259370595216751099e-02,-8.146375656127929688e+00,-9.041090965270996094e+00
9.504006505012512207e-01,4.790484607219696045e-01,-7.194169998168945312e+00,-8.613310813903808594e+00
1.051063984632492065e-01,-1.043181180953979492e+00,-7.714402198791503906e+00,-7.328419685363769531e+00
-5.499736070632934570e-01,3.202915787696838379e-01,-7.757121086120605469e+00,-9.047527313232421875e+00
1.211945652961730957e+00,2.042175978422164917e-01,-7.471462249755859375e+00,-8.625560760498046875e+00
4.130430817604064941e-01,5.199135541915893555e-01,-7.953758716583251953e+00,-8.797603607177734375e+00
2.394855916500091553e-01,1.291098594665527344e+00,-7.185885429382324219e+00,-7.431912899017333984e+00
7.864523530006408691e-01,1.697643846273422241e-02,-8.310626983642578125e+00,-9.604452133178710938e+00
-9.248257279396057129e-01,9.713412523269653320e-01,-7.446610450744628906e+00,-9.215246200561523438e+00
-2.915575504302978516e+00,9.818688035011291504e-01,-5.757703781127929688e+00,-8.526794433593750000e+00
1.355512440204620361e-01,4.096881747245788574e-01,-8.258085250854492188e+00,-8.829294204711914062e+00
1.509689688682556152e+00,-8.358421325683593750e-01,-7.205266475677490234e+00,-8.124774932861328125e+00
