-2.582080662250518799e-03,8.986190368887037039e-05,5.999589484417811036e-05,-5.750166252255439758e-03
1.220793277025222778e-02,1.425934751750901341e-04,2.228858647868037224e-05,-1.715496554970741272e-02
2.086440473794937134e-02,7.959918002597987652e-05,8.425573469139635563e-05,2.774917520582675934e-04
3.552362322807312012e-04,9.169103577733039856e-05,6.024619870004244149e-05,-5.795087665319442749e-03
-1.436473429203033447e-02,1.026430254569277167e-04,4.097844794159755111e-05,-1.073744986206293106e-02
-1.373253762722015381e-03,8.224490738939493895e-05,6.759290408808737993e-05,-3.618856891989707947e-03
-5.615845322608947754e-03,3.878357529174536467e-05,1.037796318996697664e-04,6.930590141564607620e-03
-2.616614103317260742e-03,4.966900451108813286e-05,9.596103336662054062e-05,4.568493925034999847e-03
-5.863413214683532715e-03,1.123660185839980841e-04,3.773729986278340220e-05,-1.200507115572690964e-02
-1.220405101776123047e-05,5.010455424780957401e-05,9.724513074615970254e-05,4.833360668271780014e-03
-6.382212042808532715e-03,5.529518239200115204e-05,8.850310405250638723e-05,2.578682033345103264e-03
-6.270155310630798340e-03,6.711542664561420679e-05,7.799168088240548968e-05,-4.411716945469379425e-04
-3.427229821681976318e-04,8.956962119555100799e-05,6.169700645841658115e-05,-5.351159721612930298e-03
-2.741564065217971802e-03,4.664842708734795451e-05,9.858525299932807684e-05,5.326263140887022018e-03
-5.190730094909667969e-03,4.643418287741951644e-05,9.720279194880276918e-05,5.027005914598703384e-03
7.828719913959503174e-03,6.170720735099166632e-05,9.189650882035493851e-05,2.987417625263333321e-03
5.305029451847076416e-03,5.841764141223393381e-05,9.321968536823987961e-05,3.467286704108119011e-03
-6.958596408367156982e-03,5.961396527709439397e-05,8.426571730524301529e-05,1.386014278978109360e-03
-8.316721767187118530e-03,7.836296572349965572e-05,6.660552753601223230e-05,-3.626176156103610992e-03
1.032789051532745361e-02,7.328284846153110266e-05,8.313848957186564803e-05,3.756987862288951874e-04
6.214821711182594299e-03,5.469666211865842342e-05,9.713612234918400645e-05,4.554634448140859604e-03
-1.864975690841674805e-02,5.800406870548613369e-05,7.819231541361659765e-05,1.083365641534328461e-04
4.073817282915115356e-03,5.813616007799282670e-05,9.268031863030046225e-05,3.361484268680214882e-03
6.640918552875518799e-03,4.323150642449036241e-05,1.076755215763114393e-04,7.561131380498409271e-03
-6.113752722740173340e-03,4.598790837917476892e-05,9.700906957732513547e-05,5.008112639188766479e-03
-1.405280455946922302e-02,-9.814626537263393402e-06,1.418696920154616237e-04,1.819272525608539581e-02
-4.700716584920883179e-03,1.275335671380162239e-04,2.490416227374225855e-05,-1.573270559310913086e-02
5.352908745408058167e-03,9.105341450776904821e-05,6.402951839845627546e-05,-4.908373579382896423e-03
5.068847909569740295e-03,7.851556438254192472e-05,7.507288682973012328e-05,-1.729084178805351257e-03
-6.699606776237487793e-03,6.510533421533182263e-05,7.951541192596778274e-05,1.300545409321784973e-05
-1.152732595801353455e-02,9.605570085113868117e-05,4.870034899795427918e-05,-8.635033853352069855e-03
2.753611654043197632e-03,9.762426634551957250e-05,5.647541911457665265e-05,-6.972116418182849884e-03
-1.589111983776092529e-03,3.677597123896703124e-05,1.081654772860929370e-04,8.028736338019371033e-03
1.093520410358905792e-02,6.465407204814255238e-05,9.125477663474157453e-05,2.679875120520591736e-03
1.127753406763076782e-03,2.707416206249035895e-05,1.185984947369433939e-04,1.091368123888969421e-02
7.287623360753059387e-03,6.843535811640322208e-05,8.552454528398811817e-05,1.181000843644142151e-03
-2.443168312311172485e-03,8.273520506918430328e-05,6.646618567174300551e-05,-3.899559378623962402e-03
-6.239078938961029053e-04,4.784307384397834539e-05,9.887680062092840672e-05,5.325745325535535812e-03
2.711320295929908752e-03,1.236761017935350537e-04,3.312231274321675301e-05,-1.366971898823976517e-02
-1.242604106664657593e-03,5.710397817892953753e-05,9.018719720188528299e-05,2.857555868104100227e-03
-1.367341354489326477e-02,2.604819383122958243e-05,1.100032022804953158e-04,9.036139585077762604e-03
-8.128870278596878052e-03,1.534667680971324444e-04,-5.190886440686881542e-07,-2.288961783051490784e-02
5.899325013160705566e-03,4.070291106472723186e-05,1.094628532882779837e-04,8.103329688310623169e-03
-7.685057818889617920e-03,7.145326526369899511e-05,7.319825817830860615e-05,-1.760029699653387070e-03
-2.839244902133941650e-03,1.295379770454019308e-04,2.430600579828023911e-05,-1.597827300429344177e-02
1.755345612764358521e-02,8.036041981540620327e-05,8.144592720782384276e-05,-3.969818353652954102e-04
8.769357576966285706e-03,1.121292298194020987e-04,4.735497714136727154e-05,-9.827548637986183167e-03
6.020072847604751587e-03,8.507013262715190649e-05,6.981557817198336124e-05,-3.275042399764060974e-03
1.177032850682735443e-02,4.744806938106194139e-05,1.071972365025430918e-04,7.220088038593530655e-03
-5.551952868700027466e-03,9.824580047279596329e-05,5.058026363258250058e-05,-8.333198726177215576e-03
7.572967559099197388e-03,7.316732080653309822e-05,8.147112384904175997e-05,6.860587745904922485e-06
5.046054720878601074e-04,1.177203084807842970e-04,3.703649417730048299e-05,-1.245917100459337234e-02
-3.641724586486816406e-03,4.607177106663584709e-05,9.852295625023543835e-05,5.344164092093706131e-03
1.107364892959594727e-03,7.720556459389626980e-05,7.369945524260401726e-05,-1.965654082596302032e-03
5.187194794416427612e-03,7.706481119384989142e-05,7.644790457561612129e-05,-1.339336857199668884e-03
9.658109396696090698e-03,1.181871048174798489e-04,4.250223719282075763e-05,-1.125496719032526016e-02
-6.322067230939865112e-03,2.091908390866592526e-05,1.193209391203708947e-04,1.141697634011507034e-02
-1.704088598489761353e-02,7.306285260710865259e-05,6.574334838660433888e-05,-3.526821732521057129e-03
6.876939907670021057e-03,7.411541446344926953e-05,8.017483924049884081e-05,-3.373431973159313202e-04
-3.467790782451629639e-03,9.121613402385264635e-05,5.821404556627385318e-05,-6.226127035915851593e-03
-8.671797811985015869e-03,7.987018034327775240e-05,6.502779433503746986e-05,-4.064671695232391357e-03
8.104007691144943237e-03,8.291141421068459749e-05,7.308793283300474286e-05,-2.419119700789451599e-03
6.310544908046722412e-03,9.238156781066209078e-05,6.345588190015405416e-05,-5.110986530780792236e-03
7.936321198940277100e-03,1.044711680151522160e-04,5.367628182284533978e-05,-7.981058210134506226e-03
1.394237950444221497e-02,6.909309013281017542e-05,8.921317930798977613e-05,1.974704209715127945e-03
3.722937777638435364e-03,1.015346788335591555e-04,5.359723581932485104e-05,-7.836298085749149323e-03
-5.174174904823303223e-03,7.694939267821609974e-05,6.989116809563711286e-05,-2.808512188494205475e-03
6.915720179677009583e-03,3.739405292435549200e-05,1.130788150476291776e-04,9.100247174501419067e-03
-6.680507212877273560e-03,3.425573595450259745e-05,1.071493607014417648e-04,7.939572446048259735e-03
1.362845301628112793e-03,-2.927088644355535507e-06,1.456117024645209312e-04,1.865359023213386536e-02
-3.186874091625213623e-03,1.134803242166526616e-04,3.846002073260024190e-05,-1.190410833805799484e-02
-9.865514934062957764e-03,3.751564509002491832e-05,1.021832940750755370e-04,6.641527637839317322e-03
-2.708993852138519287e-04,3.112751801381818950e-05,1.140702297561801970e-04,9.670242667198181152e-03
-8.454162627458572388e-03,8.212174725485965610e-05,6.315170321613550186e-05,-4.611511714756488800e-03
-4.266627132892608643e-03,1.208809117088094354e-04,3.113974526058882475e-05,-1.396115962415933609e-02
2.366684377193450928e-03,8.838142821332439780e-05,6.450242653954774141e-05,-4.654040560126304626e-03
-1.074056699872016907e-02,5.380070433602668345e-05,8.703973435331135988e-05,2.332085510715842247e-03
1.465039886534214020e-02,7.376923895208165050e-05,8.548141340725123882e-05,8.760392665863037109e-04
-5.880292505025863647e-03,1.138637599069625139e-04,3.638543421402573586e-05,-1.239221077412366867e-02
-6.421688944101333618e-03,2.985318860737606883e-05,1.112576137529686093e-04,9.107816964387893677e-03
8.658394217491149902e-04,1.433837460353970528e-04,1.429052645107731223e-05,-1.899863779544830322e-02
4.692250862717628479e-03,4.487159458221867681e-05,1.049544734996743500e-04,6.857982836663722992e-03
-2.149514853954315186e-03,5.652637264574877918e-05,9.012142982101067901e-05,2.874726429581642151e-03
-9.865939617156982422e-03,1.244500163011252880e-04,2.434494672343134880e-05,-1.568786427378654480e-02
-1.349138468503952026e-02,1.834487557061947882e-05,1.170174946309998631e-04,1.104109082370996475e-02
7.259186357259750366e-03,6.103319901740178466e-05,9.213390876539051533e-05,3.078151959925889969e-03
2.823291346430778503e-03,6.147313251858577132e-05,8.888870070222765207e-05,2.323479857295751572e-03
6.653355434536933899e-03,7.137256034184247255e-05,8.248697849921882153e-05,3.348221071064472198e-04
-8.083254098892211914e-03,5.956696622888557613e-05,8.358489139936864376e-05,1.235398463904857635e-03
1.167212240397930145e-02,5.327423059497959912e-05,1.019175688270479441e-04,5.709417164325714111e-03
7.070254534482955933e-03,1.943681854754686356e-05,1.292564411414787173e-04,1.373496558517217636e-02
3.760315477848052979e-03,6.334130011964589357e-05,8.781829819781705737e-05,1.979179913178086281e-03
1.685290224850177765e-02,9.330052853329107165e-05,6.940949242562055588e-05,-3.822022117674350739e-03
7.062554359436035156e-04,4.469915438676252961e-05,1.025467499857768416e-04,6.325682159513235092e-03
4.672886803746223450e-03,1.059103524312376976e-04,5.029001840739510953e-05,-8.822786621749401093e-03
-2.256929874420166016e-03,3.860610740957781672e-05,1.060975700966082513e-04,7.462058216333389282e-03
-3.772027790546417236e-03,7.301880395971238613e-05,7.431174890371039510e-05,-1.596102491021156311e-03
-1.250114664435386658e-02,3.431187724345363677e-05,1.033576991176232696e-04,7.083166856318712234e-03
5.239091813564300537e-03,1.126452261814847589e-04,4.462378274183720350e-05,-1.047075446695089340e-02
-3.810487687587738037e-04,7.479610212612897158e-05,7.490007556043565273e-05,-1.562084536999464035e-03
2.790743485093116760e-03,1.045555691234767437e-04,5.029323438066057861e-05,-8.747070096433162689e-03
-7.969237864017486572e-03,7.055995229166001081e-05,7.381544128293171525e-05,-1.571684610098600388e-03
1.670509949326515198e-02,1.187659509014338255e-04,4.651362542062997818e-05,-1.038426440209150314e-02
2.762567251920700073e-03,-4.769019142258912325e-06,1.481606159359216690e-04,1.932917349040508270e-02
-1.167320832610130310e-02,1.100817753467708826e-04,3.604810626711696386e-05,-1.225877460092306137e-02
2.657443284988403320e-03,4.857503517996519804e-05,1.003306097118183970e-04,5.612401291728019714e-03
-3.438010811805725098e-03,7.626556180184707046e-05,7.161941903177648783e-05,-2.381723374128341675e-03
-2.035323530435562134e-03,3.645976539701223373e-05,1.081617883755825460e-04,8.045408874750137329e-03
-2.358954399824142456e-03,9.541716281091794372e-05,5.516532837646082044e-05,-7.144774310290813446e-03
8.917339146137237549e-04,7.614388596266508102e-05,7.451143756043165922e-05,-1.724151894450187683e-03
1.384034939110279083e-02,1.074569445336237550e-04,5.479791434481739998e-05,-7.893916219472885132e-03
-2.385340631008148193e-03,6.100887912907637656e-05,8.595635881647467613e-05,1.689270138740539551e-03
-9.193770587444305420e-03,1.142146356869488955e-05,1.259789132745936513e-04,1.344106066972017288e-02
1.155374757945537567e-02,9.721526294015347958e-05,6.249819125514477491e-05,-5.594080314040184021e-03
7.144717499613761902e-03,5.863274782313965261e-05,9.420960850547999144e-05,3.678156528621912003e-03
8.206889033317565918e-04,4.125121267861686647e-05,1.057074696291238070e-04,7.227849680930376053e-03
-2.501666545867919922e-03,6.660942744929343462e-05,8.086704474408179522e-05,2.339263446629047394e-04
-4.618197679519653320e-03,-8.475959475617855787e-06,1.467354741180315614e-04,1.921364665031433105e-02
3.067895770072937012e-03,1.180325634777545929e-04,3.840454155579209328e-05,-1.216858159750699997e-02
3.387361764907836914e-03,8.899906242731958628e-05,6.460549775511026382e-05,-4.665032960474491119e-03
-2.170071005821228027e-03,4.823199560632929206e-05,9.753472113516181707e-05,5.002187564969062805e-03
1.266911067068576813e-02,9.518603474134579301e-05,6.503202166641131043e-05,-4.911524243652820587e-03
-1.814100146293640137e-02,4.314650141168385744e-05,9.182229405269026756e-05,3.998137079179286957e-03
-6.291046738624572754e-04,1.370938989566639066e-04,1.896132016554474831e-05,-1.759932562708854675e-02
-5.178347229957580566e-03,5.401335511123761535e-05,9.042462625075131655e-05,3.082067240029573441e-03
1.060505956411361694e-02,1.076652624760754406e-04,5.253181734587997198e-05,-8.415423333644866943e-03
-1.823237165808677673e-02,7.608962914673611522e-05,6.226740515558049083e-05,-4.476612433791160583e-03
1.233516074717044830e-02,7.851800910430029035e-05,7.974134496180340648e-05,-6.786040030419826508e-04
8.723758161067962646e-03,8.028815500438213348e-06,1.405336079187691212e-04,1.690432801842689514e-02
2.865554764866828918e-03,8.958891703514382243e-05,6.374195800162851810e-05,-4.892021417617797852e-03
-4.396904259920120239e-03,3.082348121097311378e-05,1.116903367801569402e-04,9.151489473879337311e-03
1.004900783300399780e-03,7.909459236543625593e-05,7.194220961537212133e-05,-2.465680241584777832e-03
7.032737135887145996e-03,4.492785228649154305e-05,1.064085226971656084e-04,7.182097062468528748e-03
6.623119115829467773e-04,5.188793147681280971e-05,9.608191612642258406e-05,4.472867585718631744e-03
-2.585995942354202271e-03,8.477197116008028388e-05,6.455072434619069099e-05,-4.443370737135410309e-03
-3.527883440256118774e-03,5.306032471708022058e-05,9.233882155967876315e-05,3.565602470189332962e-03
-4.817273467779159546e-03,1.003800280159339309e-04,4.914159217150881886e-05,-8.775105699896812439e-03
1.008016243577003479e-02,9.048383799381554127e-05,6.757807568646967411e-05,-4.078256897628307343e-03
4.870221018791198730e-04,7.093662134138867259e-05,7.891370478319004178e-05,-4.451950080692768097e-04
-3.951311111450195312e-03,6.062508691684342921e-05,8.529341721441596746e-05,1.561321783810853958e-03
3.258055076003074646e-03,4.995457129552960396e-05,9.948148363037034869e-05,5.344945471733808517e-03
-7.668428122997283936e-03,1.042724761646240950e-04,4.382375482236966491e-05,-1.018732506781816483e-02
7.111635059118270874e-03,1.081170630641281605e-04,4.988178261555731297e-05,-9.036810137331485748e-03
1.054070889949798584e-03,7.528858986916020513e-05,7.538158388342708349e-05,-1.480985432863235474e-03
-5.141481757164001465e-03,4.628829992725513875e-05,9.736506763147190213e-05,5.071600899100303650e-03
4.179915413260459900e-03,5.936167508480139077e-05,9.165123628918081522e-05,3.062055679038167000e-03
-1.987814903259277344e-03,1.398951280862092972e-04,1.557984796818345785e-05,-1.851537078619003296e-02
-7.893927395343780518e-03,8.480147516820579767e-05,6.111247057560831308e-05,-5.218768492341041565e-03
-1.213096082210540771e-02,7.597637159051373601e-05,6.629068229813128710e-05,-3.564923070371150970e-03
-1.055024936795234680e-02,1.121893437812104821e-04,3.488288348307833076e-05,-1.263766456395387650e-02
-5.963820964097976685e-03,5.292114292387850583e-05,9.089767263503745198e-05,3.248983062803745270e-03
6.349552422761917114e-03,4.175850335741415620e-05,1.088071076082997024e-04,7.897326722741127014e-03
3.681616857647895813e-03,1.010212727123871446e-04,5.403035902418196201e-05,-7.710405625402927399e-03
4.601199179887771606e-03,8.167495252564549446e-05,7.194347563199698925e-05,-2.608231268823146820e-03
-4.865750670433044434e-04,1.105420669773593545e-04,4.282652662368491292e-05,-1.075879950076341629e-02
-1.897588372230529785e-04,8.935448568081483245e-05,6.198795745149254799e-05,-5.273773334920406342e-03
-6.951004266738891602e-03,5.027576116845011711e-05,9.263171523343771696e-05,3.785657463595271111e-03
-8.633196353912353516e-03,1.803880513762123883e-05,1.204142899950966239e-04,1.182246766984462738e-02
2.964762970805168152e-03,5.122828224557451904e-05,9.815251542022451758e-05,4.975362215191125870e-03
-7.652305066585540771e-04,8.803801756585016847e-05,6.279676745180040598e-05,-5.018880590796470642e-03
-4.512771964073181152e-03,7.395942520815879107e-05,7.299341086763888597e-05,-1.944856252521276474e-03
1.014703139662742615e-02,1.151857140939682722e-04,1.588707527844235301e-05,1.035532914102077484e-02
-2.791335806250572205e-02,1.334672560915350914e-05,1.390781690133735538e-04,5.383066367357969284e-03
-1.157892122864723206e-02,6.903585745021700859e-05,7.285982428584247828e-05,-1.702377106994390488e-03
5.594914779067039490e-03,3.738512168638408184e-05,1.122378234867937863e-04,8.911480195820331573e-03
8.343782275915145874e-03,8.107538451440632343e-05,7.488597475457936525e-05,-1.912845764309167862e-03
-1.773668453097343445e-02,8.057527156779542565e-05,5.856973439222201705e-05,-5.557058379054069519e-03
1.509562134742736816e-04,6.590047996724024415e-05,8.320687629748135805e-05,7.997374050319194794e-04
4.036501049995422363e-04,6.361242412822321057e-05,8.541795250494033098e-05,1.423983834683895111e-03
-3.773879259824752808e-03,7.484787784051150084e-05,7.267286855494603515e-05,-2.066174056380987167e-03
-8.179981261491775513e-03,9.289645822718739510e-05,5.368063648347742856e-05,-7.339363917708396912e-03
-3.959454596042633057e-03,8.496005466440692544e-05,6.349949399009346962e-05,-4.690357483923435211e-03
3.330953419208526611e-03,8.532756328349933028e-05,6.785657024011015892e-05,-3.730159252882003784e-03
-1.129753887653350830e-03,8.315192826557904482e-05,6.693731120321899652e-05,-3.816604614257812500e-03
8.788177743554115295e-03,1.032288637361489236e-04,5.533616058528423309e-05,-7.538742385804653168e-03
-6.965041160583496094e-03,6.064094486646354198e-05,8.334206358995288610e-05,1.121301203966140747e-03
-7.289685308933258057e-03,5.018273077439516783e-05,9.249730646843090653e-05,3.760559018701314926e-03
-2.458691596984863281e-06,1.032910804497078061e-04,4.962999810231849551e-05,-8.826333098113536835e-03
8.284151554107666016e-04,1.111667515942826867e-04,4.311246448196470737e-05,-1.072902884334325790e-02
-3.920726478099822998e-03,8.908828749554231763e-05,5.982810398563742638e-05,-5.745103582739830017e-03
-9.773924946784973145e-03,4.937258563586510718e-05,9.162586502498015761e-05,3.609289415180683136e-03
3.015507012605667114e-03,7.689672202104702592e-05,7.520249346271157265e-05,-1.610307022929191589e-03
5.115142092108726501e-03,1.087165001081302762e-04,4.806176366400904953e-05,-9.479579515755176544e-03
-1.551292836666107178e-03,9.148812387138605118e-05,5.920240073464810848e-05,-6.018757820129394531e-03
2.279628068208694458e-03,6.298917287494987249e-05,8.718181925360113382e-05,1.855436945334076881e-03
-6.590701639652252197e-03,5.125256211613304913e-05,9.198870975524187088e-05,3.586879698559641838e-03
8.336246013641357422e-03,6.776861118851229548e-05,8.679555321577936411e-05,1.503944396972656250e-03
3.973782062530517578e-03,8.368745329789817333e-05,6.973826384637504816e-05,-3.215904347598552704e-03
8.532106876373291016e-04,7.443796494044363499e-05,7.601409743074327707e-05,-1.291552558541297913e-03
5.428921431303024292e-03,6.245521944947540760e-05,8.968421752797439694e-05,2.448145067319273949e-03
-1.456841826438903809e-02,4.719782009487971663e-05,9.049126674653962255e-05,3.474336583167314529e-03
4.492467269301414490e-03,2.965677776955999434e-05,1.184488864964805543e-04,1.073705125600099564e-02
-2.996198832988739014e-03,5.966732715023681521e-05,8.676489233039319515e-05,1.945487223565578461e-03
-8.424840867519378662e-03,6.405384920071810484e-05,7.934792665764689445e-05,3.351736813783645630e-05
-1.223238185048103333e-02,8.687898662174120545e-05,5.646366844302974641e-05,-6.379959173500537872e-03
5.317857488989830017e-03,7.485800597351044416e-05,7.850779365980997682e-05,-7.536113262176513672e-04
-7.485460489988327026e-03,6.375687371473759413e-05,8.021765097510069609e-05,2.456838265061378479e-04
-1.033515855669975281e-02,4.074202297488227487e-05,9.899262659018859267e-05,5.744888447225093842e-03
1.037186384201049805e-02,-1.334267290076240897e-05,1.607282756594941020e-04,2.263205870985984802e-02
-1.582022756338119507e-03,9.312819020124152303e-05,5.771418364020064473e-05,-6.444458849728107452e-03
-6.969280540943145752e-03,7.720490248175337911e-05,6.850852514617145061e-05,-3.133811987936496735e-03
4.117960110306739807e-03,8.484948921250179410e-05,6.879049760755151510e-05,-3.493520431220531464e-03
8.312068879604339600e-03,8.452423207927495241e-05,7.177761290222406387e-05,-2.803279086947441101e-03
2.766760066151618958e-03,1.262298465007916093e-04,3.087141521973535419e-05,-1.431763637810945511e-02
-2.881459891796112061e-03,4.911238647764548659e-05,9.628917905502021313e-05,4.673151299357414246e-03
1.971095800399780273e-03,7.882624777266755700e-05,7.280353747773915529e-05,-2.256989479064941406e-03
9.093891829252243042e-03,5.176389822736382484e-05,1.016126334434375167e-04,5.724395625293254852e-03
1.156912744045257568e-02,1.024988887365907431e-04,5.777729165856726468e-05,-6.948969326913356781e-03
-1.760781183838844299e-02,3.973214188590645790e-05,9.522211621515452862e-05,4.952253773808479309e-03
-7.399957627058029175e-03,4.444320802576839924e-05,9.756539657246321440e-05,5.218819249421358109e-03
4.588216543197631836e-03,6.036593913449905813e-05,9.101449541049078107e-05,2.863170579075813293e-03
6.238933652639389038e-03,8.095944212982431054e-05,7.363682379946112633e-05,-2.187542617321014404e-03
-9.858012199401855469e-04,1.152516197180375457e-04,3.828886838164180517e-05,-1.204067561775445938e-02
-7.261719554662704468e-03,6.012666563037782907e-05,8.361182699445635080e-05,1.210479065775871277e-03
-2.641215920448303223e-03,6.487307837232947350e-05,8.233202970586717129e-05,6.597274914383888245e-04
-8.860193192958831787e-04,1.015780435409396887e-04,5.059586328570730984e-05,-8.514143526554107666e-03
3.125220537185668945e-04,8.309807890327647328e-05,6.791258056182414293e-05,-3.594141453504562378e-03
2.755349501967430115e-03,6.455295078922063112e-05,8.608745702076703310e-05,1.522591803222894669e-03
-3.636892884969711304e-03,6.286549614742398262e-05,8.348953997483476996e-05,1.031349878758192062e-03
6.338043138384819031e-03,5.795797915197908878e-05,9.429525380255654454e-05,3.734781406819820404e-03
1.661212556064128876e-02,7.734812243143096566e-05,8.353797602467238903e-05,2.405685372650623322e-04
6.134063005447387695e-04,5.453599078464321792e-05,9.367950406158342957e-05,3.785632550716400146e-03
5.553644150495529175e-03,7.090911822160705924e-05,8.219505252782255411e-05,2.947789616882801056e-04
6.954405456781387329e-03,3.779255348490551114e-05,1.127468713093549013e-04,9.003486484289169312e-03
-7.169608026742935181e-03,6.990705151110887527e-05,7.491401629522442818e-05,-1.288316678255796432e-03
-2.261318266391754150e-03,5.405065166996791959e-05,9.226624388247728348e-05,3.494450822472572327e-03
-3.000389784574508667e-03,6.110735557740554214e-05,8.547284232918173075e-05,1.575006172060966492e-03
6.570735946297645569e-03,9.501239401288330555e-05,6.126757944002747536e-05,-5.749084055423736572e-03
9.196218103170394897e-03,3.086803553742356598e-05,1.203878418891690671e-04,1.110635697841644287e-02
9.028913453221321106e-03,5.308500112732872367e-05,1.003879951895214617e-04,5.375667009502649307e-03
5.402443930506706238e-03,4.490485298447310925e-05,1.053811938618309796e-04,6.952174473553895950e-03
-4.741594195365905762e-03,7.106340490281581879e-06,1.537749485578387976e-04,5.137410014867782593e-03
1.320801675319671631e-03,9.048658102983608842e-05,6.194527668412774801e-05,-5.346044898033142090e-03
-4.770021885633468628e-03,4.149371670791879296e-05,1.018967450363561511e-04,6.356835830956697464e-03
6.897209212183952332e-03,1.029455306706950068e-04,5.437436630018055439e-05,-7.739505730569362640e-03
5.743727087974548340e-04,2.971920184791088104e-05,1.158745144493877888e-04,1.015424635261297226e-02
-1.046170294284820557e-02,5.673596751876175404e-05,8.459085074719041586e-05,1.618493814021348953e-03
-9.880520403385162354e-03,9.658232011133804917e-05,4.928736234433017671e-05,-8.532078005373477936e-03
7.534822449088096619e-03,8.446050924248993397e-05,7.133507460821419954e-05,-2.899344079196453094e-03
-2.167668193578720093e-03,-6.337395461741834879e-06,1.463958178646862507e-04,1.901883259415626526e-02
5.179969593882560730e-03,1.110259036067873240e-04,4.603566776495426893e-05,-1.006337907165288925e-02
4.079526290297508240e-03,3.791851486312225461e-05,1.107861826312728226e-04,8.555269800126552582e-03
8.207455277442932129e-03,4.741929296869784594e-05,1.049328639055602252e-04,6.712092552334070206e-03
3.951312974095344543e-03,6.939705053810030222e-05,8.251896360889077187e-05,4.513729363679885864e-04
-5.642086267471313477e-03,6.241897062864154577e-05,8.260043978225439787e-05,8.559804409742355347e-04
-9.018443524837493896e-04,8.229368540924042463e-05,6.785223376937210560e-05,-3.563196398317813873e-03
2.447888255119323730e-05,8.559548587072640657e-05,6.549134559463709593e-05,-4.277274943888187408e-03
4.816303029656410217e-03,6.157996540423482656e-05,9.007410699268803000e-05,2.584337489679455757e-03
-4.788577556610107422e-03,4.955918120685964823e-05,9.466327173868194222e-05,4.282515496015548706e-03
3.462823107838630676e-03,6.361537816701456904e-05,8.738168253330513835e-05,1.865749945864081383e-03
6.102249026298522949e-04,3.589143307181075215e-05,1.103711547330021858e-04,8.574076928198337555e-03
8.135901764035224915e-03,6.802835559938102961e-05,8.643421460874378681e-05,1.408247277140617371e-03
3.474729135632514954e-03,8.922738925321027637e-05,6.445721373893320560e-05,-4.711043089628219604e-03
5.480296909809112549e-03,9.920583397615700960e-05,5.681200127582997084e-05,-6.983917206525802612e-03
9.803213179111480713e-04,1.291032531298696995e-04,2.715038135647773743e-05,-1.531409379094839096e-02
-7.246043533086776733e-03,4.889744013780727983e-05,9.367616439703851938e-05,4.097001627087593079e-03
3.525327891111373901e-03,3.262354584876447916e-05,1.151708711404353380e-04,9.835126809775829315e-03
-3.138151019811630249e-03,2.939407931989990175e-05,1.137792860390618443e-04,9.700719267129898071e-03
-3.747008740901947021e-03,2.891999611165374517e-05,1.138123916462063789e-04,9.734415449202060699e-03
-2.673204988241195679e-03,1.097360727726481855e-04,4.214267391944304109e-05,-1.086808089166879654e-02
-1.284066587686538696e-02,7.154014019761234522e-05,6.980654870858415961e-05,-2.528125420212745667e-03
-7.174294441938400269e-03,3.500709863146767020e-05,1.061592192854732275e-04,7.675152271986007690e-03
-6.492935121059417725e-03,4.044436354888603091e-05,1.017288377624936402e-04,6.377138197422027588e-03
-1.018677279353141785e-02,7.921342330519109964e-05,6.464202306233346462e-05,-4.115132614970207214e-03
1.653160899877548218e-03,7.683449803153052926e-05,7.438251486746594310e-05,-1.791393384337425232e-03
5.640951916575431824e-03,-1.948152930708602071e-05,1.631838676985353231e-04,2.352449297904968262e-02
7.562046870589256287e-03,7.878643373260274529e-05,7.643294520676136017e-05,-1.438003499060869217e-03
1.175067760050296783e-02,6.624119851039722562e-05,9.035789116751402617e-05,2.390180714428424835e-03
-7.498692721128463745e-03,9.229086572304368019e-05,5.466078437166288495e-05,-7.085261866450309753e-03
-1.102770492434501648e-02,1.148439841927029192e-04,3.219911013729870319e-05,-1.338858250528573990e-02
9.445920586585998535e-04,4.323575558373704553e-05,1.040102288243360817e-04,6.736036390066146851e-03
-1.336410641670227051e-04,2.969176057376898825e-05,1.154439887613989413e-04,1.005887612700462341e-02
-2.420749515295028687e-03,4.462071228772401810e-05,1.006070015137083828e-04,5.893493071198463440e-03
1.302922889590263367e-02,7.591977919219061732e-05,8.251384133473038673e-05,8.915783837437629700e-05
4.024159163236618042e-03,6.603299698326736689e-05,8.557784167351201177e-05,1.325977500528097153e-03
1.535395719110965729e-02,1.188012247439473867e-04,4.561355308396741748e-05,-1.058877538889646530e-02
-6.724052131175994873e-03,7.081515650497749448e-05,7.438731699949130416e-05,-1.457114238291978836e-03
5.750965327024459839e-03,1.159240127890370786e-04,4.201709816697984934e-05,-1.123887207359075546e-02
2.862302586436271667e-03,2.509895421098917723e-05,1.214819567394442856e-04,1.167192868888378143e-02
-6.089597940444946289e-03,8.377667109016329050e-05,6.318983650999143720e-05,-4.694537259638309479e-03
2.211611717939376831e-03,7.458540494553744793e-05,7.675524102523922920e-05,-1.132924109697341919e-03
7.556110620498657227e-03,4.286889452487230301e-05,1.085884578060358763e-04,7.786653935909271240e-03
5.232650786638259888e-03,1.464752713218331337e-04,1.432937278877943754e-05,-1.916102692484855652e-02
1.568969339132308960e-03,9.905423212330788374e-05,5.443361078505404294e-05,-7.510771974921226501e-03
3.915391862392425537e-04,1.102058959077112377e-04,4.369196540210396051e-05,-1.054542791098356247e-02
-1.258395612239837646e-03,1.095179686672054231e-04,4.324736073613166809e-05,-1.060740370303392410e-02
-8.982002735137939453e-03,8.169891225406900048e-05,6.319100793916732073e-05,-4.579260945320129395e-03
-3.786735236644744873e-03,7.678684778511524200e-05,7.092852320056408644e-05,-2.566061913967132568e-03
5.740489810705184937e-03,4.415053263073787093e-05,1.062738738255575299e-04,7.194821722805500031e-03
-5.250386893749237061e-04,5.886724829906597733e-05,8.906966832000762224e-05,2.508455654606223106e-03
3.358906134963035583e-03,6.431279325624927878e-05,8.669044473208487034e-05,1.671585720032453537e-03
2.332143485546112061e-03,6.815351662226021290e-05,8.259160676971077919e-05,5.365577526390552521e-04
7.007867097854614258e-04,8.197428542189300060e-05,6.916836719028651714e-05,-3.249326720833778381e-03
-6.309755146503448486e-03,5.156898259883746505e-05,9.188598050968721509e-05,3.546247025951743126e-03
-1.393039524555206299e-02,1.719549618428573012e-05,1.177644226117990911e-04,1.127280667424201965e-02
-9.387139230966567993e-03,5.289191904012113810e-05,8.872339094523340464e-05,2.761289477348327637e-03
9.710159152746200562e-03,7.962262316141277552e-06,1.412272395100444555e-04,1.706411130726337433e-02
5.570327863097190857e-03,4.093359893886372447e-05,1.090448349714279175e-04,7.996488362550735474e-03
-3.259819000959396362e-03,6.628887058468535542e-05,8.066674490692093968e-05,2.065929584205150604e-04
6.196713075041770935e-03,7.061642827466130257e-05,8.287047239718958735e-05,4.629804752767086029e-04
2.842396497726440430e-05,6.697262142552062869e-05,8.216815331252291799e-05,5.066292360424995422e-04
-8.374914526939392090e-03,1.196513330796733499e-04,2.959993435069918633e-05,-1.423962507396936417e-02
3.211410716176033020e-03,7.757914863759651780e-05,7.471739809261634946e-05,-1.757250633090734482e-03
-1.547493040561676025e-02,5.320918717188760638e-05,8.452619658783078194e-05,1.799168065190315247e-03
-2.495389431715011597e-03,1.061522052623331547e-04,4.546584023046307266e-05,-9.921834804117679596e-03
-8.966464549303054810e-03,1.060187787516042590e-04,4.142583202337846160e-05,-1.082363445311784744e-02
1.677755266427993774e-03,1.077027773135341704e-04,4.675992749980650842e-05,-9.716437198221683502e-03
8.448064327239990234e-04,3.490728340693749487e-05,1.114031110773794353e-04,8.860792964696884155e-03
-9.737875312566757202e-03,2.583152672741562128e-05,1.127268915297463536e-04,9.661088697612285614e-03
1.020908355712890625e-03,8.691744005773216486e-05,6.494819535873830318e-05,-4.472683183848857880e-03
1.788116991519927979e-03,7.168742740759626031e-05,7.907777762738987803e-05,-4.498325288295745850e-04
-8.003525435924530029e-03,2.905259680119343102e-05,1.109576624003238976e-04,9.084629826247692108e-03
1.087900809943675995e-02,8.557143155485391617e-05,7.248996553244069219e-05,-2.700933255255222321e-03
8.924268186092376709e-04,1.047571568051353097e-04,4.889253614237532020e-05,-9.073449298739433289e-03
5.741661414504051208e-03,6.121036858530715108e-05,9.099984163185581565e-05,2.813127823173999786e-03
-4.275634884834289551e-03,7.635651127202436328e-05,7.099957292666658759e-05,-2.526252530515193939e-03
-8.553955703973770142e-03,3.984634531661868095e-05,1.009395055007189512e-04,6.232603918761014938e-03
-1.316096633672714233e-03,1.120214001275599003e-04,4.096878546988591552e-05,-1.125876326113939285e-02
3.560215234756469727e-03,1.052858569892123342e-04,5.013396730646491051e-05,-8.823337033390998840e-03
3.805290907621383667e-03,6.723280239384621382e-05,8.436289499513804913e-05,9.861434809863567352e-04
9.088931605219841003e-03,6.251932791201397777e-05,9.197940380545333028e-05,2.961116842925548553e-03
5.461964756250381470e-03,1.012130524031817913e-04,5.500302722794003785e-05,-7.502128370106220245e-03
-6.280753761529922485e-03,2.903805579990148544e-06,1.354777486994862556e-04,1.605022698640823364e-02
1.162086240947246552e-02,4.670512498705647886e-05,1.077663764590397477e-04,7.389294449239969254e-03
-1.014162600040435791e-02,1.764598709996789694e-05,1.197964156745001674e-04,1.170516200363636017e-02
2.211533486843109131e-03,7.129887671908363700e-05,7.969782745931297541e-05,-2.887831069529056549e-04
-9.372189640998840332e-03,3.854426540783606470e-05,1.015793968690559268e-04,6.448685657232999802e-03
-1.793395727872848511e-03,4.470201383810490370e-05,1.009374609566293657e-04,5.963361356407403946e-03
1.272723078727722168e-03,8.484123100060969591e-05,6.696903437841683626e-05,-3.902975469827651978e-03
-8.470576256513595581e-03,4.181703116046264768e-05,9.922862227540463209e-05,5.738489329814910889e-03
2.435859292745590210e-03,4.518949572229757905e-05,1.032194631989113986e-04,6.449931301176548004e-03
4.074960947036743164e-03,9.688847057987004519e-06,1.360591268166899681e-04,1.580547355115413666e-02
-6.179187446832656860e-03,5.508679532795213163e-05,8.882018300937488675e-05,2.661575563251972198e-03
-1.191582903265953064e-02,5.190267984289675951e-05,8.798373164609074593e-05,2.649591071531176567e-03
-9.246245026588439941e-04,1.072848244803026319e-04,4.546138734440319240e-05,-9.985530748963356018e-03
-1.088827848434448242e-04,8.057827653829008341e-05,6.989785470068454742e-05,-3.007883206009864807e-03
-2.149667590856552124e-03,2.092448994517326355e-05,1.219980404130183160e-04,1.201914623379707336e-02
-5.738593637943267822e-03,7.799893501214683056e-05,6.858864799141883850e-05,-3.159735351800918579e-03
4.121996462345123291e-04,4.776621790369972587e-05,9.961159230442717671e-05,5.495361052453517914e-03
3.554336726665496826e-03,6.233631575014442205e-05,8.858572982717305422e-05,2.207517623901367188e-03
1.144033297896385193e-02,8.467094448860734701e-05,7.365703640971332788e-05,-2.388443797826766968e-03
4.555510357022285461e-03,8.824831456877291203e-05,6.602855137316510081e-05,-4.303224384784698486e-03
-1.351774483919143677e-02,6.330500764306634665e-05,7.674480002606287599e-05,-5.108518525958061218e-04
6.607821211218833923e-03,1.153306875494308770e-04,4.309911309974268079e-05,-1.096252817660570145e-02
-1.075703650712966919e-03,5.924052675254642963e-05,8.838149369694292545e-05,2.332923002541065216e-03
1.409422606229782104e-03,4.005903974757529795e-05,1.071533333742991090e-04,7.619224488735198975e-03
-2.021938934922218323e-02,5.831151429447345436e-05,7.790649397065863013e-05,-3.781970590353012085e-04
-9.781990200281143188e-03,8.882952533895149827e-05,5.629228689940646291e-05,-6.526499055325984955e-03
4.917565733194351196e-03,6.509084050776436925e-05,8.699568570591509342e-05,1.697209663689136505e-03
-7.872305810451507568e-03,4.531688318820670247e-05,9.647951810620725155e-05,4.926084540784358978e-03
-1.025594770908355713e-03,9.395754750585183501e-05,5.732927093049511313e-05,-6.576990708708763123e-03
1.029558479785919189e-03,2.910350667661987245e-05,1.167183727375231683e-04,1.037823408842086792e-02
1.022126525640487671e-03,4.529210127657279372e-05,1.022188807837665081e-04,6.219073198735713959e-03
4.276117309927940369e-03,6.257642235141247511e-05,8.883469126885756850e-05,2.250253921374678612e-03
-8.279234170913696289e-04,9.631764260120689869e-05,5.534318552236072719e-05,-7.154592312872409821e-03
-7.661744952201843262e-03,7.679354166612029076e-05,6.843174924142658710e-05,-3.128319978713989258e-03
-3.605369478464126587e-03,1.090735459001734853e-04,4.213670035824179649e-05,-1.083275210112333298e-02
3.931447863578796387e-04,4.626045847544446588e-05,1.009475454338826239e-04,5.879362579435110092e-03
2.807497978210449219e-03,9.755353676155209541e-05,5.657338260789401829e-05,-6.946154870092868805e-03
2.298504114151000977e-05,2.794900137814693153e-05,1.171050680568441749e-04,1.052916515618562698e-02
-4.910144954919815063e-03,6.491036037914454937e-05,8.084021101240068674e-05,3.219381906092166901e-04
-8.713379502296447754e-04,1.067187622538767755e-05,1.319995644735172391e-04,1.483747456222772598e-02
2.993484959006309509e-03,1.006640814011916518e-04,5.390786463976837695e-05,-7.718200795352458954e-03
-1.692399382591247559e-05,5.501791383721865714e-05,9.284284169552847743e-05,3.570668399333953857e-03
3.203352913260459900e-03,2.035606303252279758e-05,1.259478012798354030e-04,1.293948944658041000e-02
-5.770120769739151001e-03,2.230524842161685228e-05,1.184345965157262981e-04,1.114077772945165634e-02
-3.386508673429489136e-03,5.813857933389954269e-05,8.788279956206679344e-05,2.281690947711467743e-03
1.600408367812633514e-02,6.931394455023109913e-05,9.034065442392602563e-05,2.216211752966046333e-03
1.286715269088745117e-03,8.006933785509318113e-05,7.125060801627114415e-05,-2.675279043614864349e-03
2.638921141624450684e-04,1.079236826626583934e-04,4.565332710626535118e-05,-9.977701120078563690e-03
4.889577627182006836e-03,7.361702591879293323e-05,7.934363384265452623e-05,-4.968149587512016296e-04
1.288704574108123779e-03,7.437598833348602057e-05,7.634951907675713301e-05,-1.212638337165117264e-03
1.343972422182559967e-02,6.295058847172185779e-05,9.438987035537138581e-05,3.479710780084133148e-03
-1.479975879192352295e-03,7.252075010910630226e-05,7.623097917530685663e-05,-1.136620063334703445e-03
-1.022499054670333862e-03,5.239968959358520806e-05,9.454075188841670752e-05,4.097706638276576996e-03
4.493135958909988403e-03,1.323670003330335021e-04,2.648610097821801901e-05,-1.564424857497215271e-02
-5.469724535942077637e-03,4.820457979803904891e-05,9.543831401970237494e-05,4.531916230916976929e-03
-1.405084505677223206e-02,5.539616176974959671e-05,8.348343544639647007e-05,1.443438697606325150e-03
6.919410079717636108e-03,5.898268500459380448e-05,9.375146328238770366e-05,3.555681556463241577e-03
-1.011638343334197998e-02,7.694549276493489742e-05,6.671789742540568113e-05,-3.522425889968872070e-03
5.230402573943138123e-03,6.365880108205601573e-05,8.847896970110014081e-05,2.110285451635718346e-03
-4.476420581340789795e-03,5.382904419093392789e-05,9.104083437705412507e-05,3.230944741517305374e-03
-4.651498049497604370e-03,1.182033447548747063e-04,3.328975435579195619e-05,-1.332909520715475082e-02
7.112413644790649414e-03,6.436256080633029342e-05,8.905856520868837833e-05,2.201764145866036415e-03
-1.282262429594993591e-02,6.824500451330095530e-05,7.276850374182686210e-05,-1.679151784628629684e-03
-6.595805287361145020e-03,3.212895171600393951e-05,1.091080557671375573e-04,8.498093113303184509e-03
-1.423793286085128784e-02,4.067371264682151377e-05,9.654515451984480023e-05,5.197877064347267151e-03
4.673911258578300476e-03,1.122290123021230102e-04,4.463316145120188594e-05,-1.044560503214597702e-02
8.732225745916366577e-03,4.001015986432321370e-05,1.119040534831583500e-04,8.691059425473213196e-03
-6.818994879722595215e-04,7.592374458909034729e-05,7.369705417659133673e-05,-1.895240042358636856e-03
-8.441846817731857300e-03,4.456329770619049668e-05,9.678816422820091248e-05,5.037258844822645187e-03
1.204306632280349731e-02,9.889042121358215809e-05,6.131282862043008208e-05,-5.953568033874034882e-03
1.589830964803695679e-03,3.658048080978915095e-05,1.103838803828693926e-04,8.538800291717052460e-03
1.953043043613433838e-03,5.948673788225278258e-05,9.010786016006022692e-05,2.707804320380091667e-03
-1.368919387459754944e-02,6.138515891507267952e-05,7.835355791030451655e-05,-4.253583028912544250e-05
-1.523032784461975098e-03,4.194606299279257655e-05,1.035788300214335322e-04,6.710343994200229645e-03
2.400517463684082031e-03,6.919317820575088263e-05,8.170468208845704794e-05,2.794093452394008636e-04
-1.884996891021728516e-03,7.240301056299358606e-05,7.607606676174327731e-05,-1.164964400231838226e-03
-6.243754178285598755e-03,6.174399459268897772e-05,8.281804912257939577e-05,9.423145093023777008e-04
1.639496535062789917e-03,8.429794979747384787e-05,6.769120955141261220e-05,-3.710378892719745636e-03
1.749046146869659424e-03,2.205447526648640633e-05,1.234923111042007804e-04,1.229287311434745789e-02
1.039475202560424805e-03,6.572510028490796685e-05,8.393503230763599277e-05,9.733140468597412109e-04
4.739580675959587097e-03,8.197994611691683531e-05,7.175934297265484929e-05,-2.666552551090717316e-03
-1.230401918292045593e-02,9.494155528955161572e-05,4.919867933494970202e-05,-8.461212739348411560e-03
-1.071934029459953308e-02,7.092420855769887567e-05,7.172157347667962313e-05,-2.063063438981771469e-03
6.145002320408821106e-03,9.170873818220570683e-05,6.395189848262816668e-05,-4.962115548551082611e-03
-6.203789263963699341e-03,7.581823592772707343e-05,7.024215301498770714e-05,-2.666909247636795044e-03
-1.693367958068847656e-04,9.110095561482012272e-05,6.043735629646107554e-05,-5.719405598938465118e-03
8.296450600028038025e-03,4.869020995101891458e-05,1.038521222653798759e-04,6.398526486009359360e-03
-1.183045282959938049e-02,1.207122986670583487e-04,2.642883191583678126e-05,-1.501199509948492050e-02
8.366674184799194336e-03,8.592531230533495545e-05,7.055823516566306353e-05,-3.155251964926719666e-03
1.541543751955032349e-03,5.633725959341973066e-05,9.266329288948327303e-05,3.457230981439352036e-03
4.248291254043579102e-03,1.004722871584817767e-04,5.488614988280460238e-05,-7.487426511943340302e-03
-5.220070481300354004e-03,-1.695950049906969070e-05,1.539444638183340430e-04,2.130559831857681274e-02
1.306717284023761749e-02,8.710836118552833796e-05,7.252036448335275054e-05,-2.779169008135795593e-03
-6.061051040887832642e-03,4.602946864906698465e-05,9.700574446469545364e-05,5.005064420402050018e-03
6.887486204504966736e-03,8.205322228604927659e-05,7.307437772396951914e-05,-2.374666742980480194e-03
1.712329685688018799e-04,2.254790524602867663e-05,1.220363119500689209e-04,1.193789578974246979e-02
-7.105644792318344116e-03,3.446123082539997995e-05,1.066920958692207932e-04,7.825290784239768982e-03
5.431009456515312195e-03,1.242996368091553450e-04,3.431219374760985374e-05,-1.343645807355642319e-02
4.994496703147888184e-05,4.095684562344104052e-05,1.054756212397478521e-04,7.191965356469154358e-03
-9.449023753404617310e-03,1.035684472299180925e-04,4.330958472564816475e-05,-1.026406604796648026e-02
-1.191853359341621399e-02,8.541471470380201936e-05,5.797646372229792178e-05,-5.958457477390766144e-03
7.033146917819976807e-03,1.637332752579823136e-05,1.319755247095599771e-04,1.451646350324153900e-02
6.934482604265213013e-03,9.196573955705389380e-05,6.422925798688083887e-05,-4.913925193250179291e-03
-4.318952560424804688e-03,9.745340503286570311e-05,5.208229413256049156e-05,-7.951311767101287842e-03
-4.845287650823593140e-03,7.134884072002023458e-05,7.511711737606674433e-05,-1.322419382631778717e-03
2.111926674842834473e-03,7.061010546749457717e-05,8.025050919968634844e-05,-1.262794248759746552e-04
-4.672009497880935669e-03,4.107597487745806575e-05,1.023337754304520786e-04,6.478311493992805481e-03
-6.428733468055725098e-05,7.608294254168868065e-05,7.395149441435933113e-05,-1.846789848059415817e-03
4.529120400547981262e-03,7.948969869175925851e-05,7.385374919977039099e-05,-2.057367935776710510e-03
-3.966461867094039917e-03,8.050232281675562263e-05,6.748628948116675019e-05,-3.546389751136302948e-03
2.132494002580642700e-03,8.671171963214874268e-05,6.584690709132701159e-05,-4.259045235812664032e-03
7.204933091998100281e-03,8.133371011354029179e-05,7.392265251837670803e-05,-2.143937628716230392e-03
7.906608283519744873e-03,6.308463343884795904e-05,9.071327076526358724e-05,2.644887892529368401e-03
2.071630209684371948e-03,1.120768283726647496e-04,4.309673386160284281e-05,-1.078294683247804642e-02
8.166655898094177246e-04,1.001568598439916968e-04,5.296279414324089885e-05,-7.902808487415313721e-03
-1.254767552018165588e-02,9.286939166486263275e-05,5.089739352115429938e-05,-7.964221760630607605e-03
-1.135377213358879089e-02,1.114047481678426266e-04,3.506890061544254422e-05,-1.255237031728029251e-02
-3.506422042846679688e-03,7.354335684794932604e-05,7.401281618513166904e-05,-1.692415215075016022e-03
-1.054026186466217041e-03,1.099702349165454507e-04,4.297378472983837128e-05,-1.069400552660226822e-02
7.253007963299751282e-03,9.049721120391041040e-05,6.574886356247588992e-05,-4.490653984248638153e-03
1.436117291450500488e-02,8.306003292091190815e-05,7.697685214225202799e-05,-1.552164088934659958e-03
-1.052645593881607056e-02,7.725966133875772357e-05,6.617301551159471273e-05,-3.662439063191413879e-03
6.366344168782234192e-03,2.766177203739061952e-05,1.214396324940025806e-04,1.152053847908973694e-02
-2.553831785917282104e-03,5.859525481355376542e-05,8.800913201412186027e-05,2.284841844812035561e-03
-3.509372472763061523e-03,3.382669819984585047e-05,1.095718471333384514e-04,8.508489467203617096e-03
-1.648613065481185913e-02,5.783610686194151640e-05,7.973343599587678909e-05,4.644556902348995209e-04
9.078029543161392212e-03,6.097203004173934460e-05,9.335779031971469522e-05,3.356967587023973465e-03
-8.216314017772674561e-03,8.318303298437967896e-05,6.235434557311236858e-05,-4.849700257182121277e-03
1.901125535368919373e-02,6.435566319851204753e-05,9.671309089753776789e-05,3.924762830138206482e-03
-8.657455444335937500e-03,4.558237560559064150e-05,9.573713032295927405e-05,4.744316916912794113e-03
2.183582633733749390e-03,1.002908757072873414e-04,5.372142550186254084e-05,-7.739500142633914948e-03
1.009563170373439789e-02,1.016286696540191770e-04,5.760932253906503320e-05,-6.938599050045013428e-03
-2.254731953144073486e-03,5.309293555910699069e-05,9.312797919847071171e-05,3.741395426914095879e-03
4.032293334603309631e-03,1.062649098457768559e-04,4.956080010742880404e-05,-9.006520733237266541e-03
-1.028123870491981506e-02,1.354861597064882517e-04,1.419663749402388930e-05,-1.858259737491607666e-02
-3.786794841289520264e-03,8.220488234655931592e-05,6.607736577279865742e-05,-3.957707434892654419e-03
-1.031633093953132629e-02,1.031122519634664059e-04,4.316055856179445982e-05,-1.027235109359025955e-02
1.878980547189712524e-03,1.088405988411977887e-04,4.587050352711230516e-05,-9.979581460356712341e-03
-9.689860045909881592e-03,6.425376341212540865e-05,7.835579890524968505e-05,-2.008229494094848633e-04
1.144689135253429413e-02,1.272842637263238430e-04,3.550675319274887443e-05,-1.333284098654985428e-02
4.599690437316894531e-04,8.595190593041479588e-05,6.545214273501187563e-05,-4.305825568735599518e-03
-1.264608278870582581e-02,4.021456334157846868e-05,9.797947132028639317e-05,5.546079017221927643e-03
-1.168092340230941772e-02,6.443115125875920057e-05,7.691716018598526716e-05,-5.344008095562458038e-04
1.260788738727569580e-02,1.330962986685335636e-04,3.104911593254655600e-05,-1.465773489326238632e-02
1.457619294524192810e-02,8.957192767411470413e-05,7.128453580662608147e-05,-3.193656913936138153e-03
1.816730946302413940e-03,5.567798871197737753e-05,9.343046986032277346e-05,3.666374366730451584e-03
1.555524766445159912e-03,7.487781840609386563e-05,7.607170118717476726e-05,-1.302939373999834061e-03
-1.918803900480270386e-03,8.483115379931405187e-05,6.492659304058179259e-05,-4.362058825790882111e-03
2.947602421045303345e-03,1.019257324514910579e-04,5.274873183225281537e-05,-8.048897609114646912e-03
-1.588047295808792114e-02,8.940826228354126215e-05,5.185411646380089223e-05,-7.557325996458530426e-03
-6.430447101593017578e-04,3.510615351842716336e-05,1.102686874219216406e-04,8.594486862421035767e-03
2.873592078685760498e-03,1.046732068061828613e-04,5.024116035201586783e-05,-8.765300735831260681e-03
-6.765149533748626709e-03,3.946071956306695938e-05,1.024345910991542041e-04,6.590413860976696014e-03
-4.967834800481796265e-03,6.128510722192004323e-05,8.404906111536547542e-05,1.244750339537858963e-03
-2.739876508712768555e-04,1.029390841722488403e-04,4.977063508704304695e-05,-8.775197900831699371e-03
9.120253846049308777e-03,8.199264266295358539e-05,7.456379535142332315e-05,-2.036125864833593369e-03
-3.034804016351699829e-03,1.176424048026092350e-04,3.483118780422955751e-05,-1.295115146785974503e-02
7.787181064486503601e-03,3.014315007021650672e-05,1.201311824843287468e-04,1.108872238546609879e-02
-8.037239313125610352e-03,6.788145401515066624e-05,7.616996299475431442e-05,-8.935439400374889374e-04
4.993677139282226562e-04,7.076086330926045775e-05,7.907900726422667503e-05,-3.982665948569774628e-04
-1.406155526638031006e-03,6.422679143724963069e-05,8.370454452233389020e-05,1.004382036626338959e-03
1.241642795503139496e-02,5.592685556621290743e-05,1.000209231278859079e-04,5.135749466717243195e-03
4.486655816435813904e-03,6.139771721791476011e-05,9.002540173241868615e-05,2.583464607596397400e-03
-2.428214997053146362e-03,1.073735547834075987e-04,4.441546479938551784e-05,-1.022582408040761948e-02
8.981335908174514771e-03,3.629731509136036038e-05,1.153885314124636352e-04,9.680747985839843750e-03
8.289515972137451172e-05,3.654860847746022046e-05,1.094437830033712089e-04,8.328998461365699768e-03
-1.030154898762702942e-02,5.246665750746615231e-05,8.851638995110988617e-05,2.738244133070111275e-03
-6.737586110830307007e-03,1.212880888488143682e-04,2.918688551289960742e-05,-1.442318316549062729e-02
8.981037884950637817e-03,7.221620035124942660e-05,8.322780195157974958e-05,4.548421129584312439e-04
2.422977238893508911e-03,2.477393354638479650e-05,1.214905860251747072e-04,1.169186085462570190e-02
-8.602689951658248901e-03,5.968070036033168435e-05,8.314917795360088348e-05,1.131046563386917114e-03
4.746828228235244751e-03,5.046972728450782597e-05,9.997718007070943713e-05,5.427983589470386505e-03
-1.346573233604431152e-03,7.623160490766167641e-05,7.299415301531553268e-05,-2.070467453449964523e-03
-1.473182812333106995e-02,7.990221638465300202e-05,6.110382673796266317e-05,-4.949514754116535187e-03
1.995053142309188843e-03,8.982396684587001801e-05,6.297195068327710032e-05,-5.078318528831005096e-03
-2.740062773227691650e-03,8.750038250582292676e-05,6.200877396622672677e-05,-5.166455172002315521e-03
6.055101752281188965e-03,8.315913146361708641e-05,7.154914783313870430e-05,-2.779128961265087128e-03
-2.291306853294372559e-03,6.472971290349960327e-05,8.268529199995100498e-05,7.471651770174503326e-04
-4.704188555479049683e-03,8.194153633667156100e-05,6.572347047040238976e-05,-4.022770561277866364e-03
-4.379935562610626221e-03,9.909382788464426994e-05,5.057431189925409853e-05,-8.381480351090431213e-03
-5.180299282073974609e-03,6.800666596973314881e-05,7.789424125803634524e-05,-5.124323070049285889e-04
1.458708383142948151e-02,9.380334813613444567e-05,6.750287138856947422e-05,-4.278933629393577576e-03
-3.594696521759033203e-03,1.704610258457250893e-05,1.245417661266401410e-04,1.280628889799118042e-02
8.808206766843795776e-03,1.031049323501065373e-04,5.546000102185644209e-05,-7.504012435674667358e-03
-7.799200713634490967e-03,5.300996053847484291e-05,8.963839354692026973e-05,2.960673999041318893e-03
-1.328082755208015442e-02,8.428897126577794552e-05,5.810875518363900483e-05,-5.866369232535362244e-03
-1.042880117893218994e-03,6.996322190389037132e-05,7.880186603870242834e-05,-4.164818674325942993e-04
-3.845047205686569214e-03,8.519948460161685944e-05,6.335866055451333523e-05,-4.735305905342102051e-03
-1.083914190530776978e-03,4.598250961862504482e-05,1.002469944069162011e-04,5.737092345952987671e-03
4.078611731529235840e-03,1.069472928065806627e-04,4.897958933725021780e-05,-9.175092913210391998e-03
-5.867224186658859253e-03,6.329017196549102664e-05,8.167568012140691280e-05,5.996413528919219971e-04
1.820787787437438965e-03,8.079383405856788158e-05,7.094521424733102322e-05,-2.784112468361854553e-03
-8.831396698951721191e-03,2.727820174186490476e-05,1.120142551371827722e-04,9.420632384717464447e-03
-2.231448888778686523e-03,4.586621435009874403e-05,9.961350588127970695e-05,5.600966047495603561e-03
5.112573504447937012e-03,1.189183894894085824e-04,3.892568929586559534e-05,-1.210033427923917770e-02
-6.969884037971496582e-03,7.246875611599534750e-05,7.274872041307389736e-05,-1.917407847940921783e-03
7.610112428665161133e-03,4.903265653410926461e-05,1.031043502734974027e-04,6.211287342011928558e-03
-8.723251521587371826e-03,4.533856554189696908e-05,9.591313573764637113e-05,4.797422792762517929e-03
-5.401968955993652344e-03,2.423058685963042080e-05,1.169473543995991349e-04,1.069950498640537262e-02
6.396092474460601807e-03,9.072600369108840823e-05,6.499320443253964186e-05,-4.673375748097896576e-03
5.912499502301216125e-03,9.939518349710851908e-05,5.692027116310782731e-05,-6.970033980906009674e-03
9.960979223251342773e-04,8.124704618239775300e-05,7.000932237133383751e-05,-3.019816242158412933e-03
-9.497329592704772949e-04,9.488432988291606307e-05,5.654822962242178619e-05,-6.804062984883785248e-03
5.302794277667999268e-03,1.068542042048648000e-04,4.984981205780059099e-05,-8.974100463092327118e-03
1.115955784916877747e-02,8.410014561377465725e-05,7.398762681987136602e-05,-2.282449044287204742e-03
-5.626782774925231934e-03,6.771159678464755416e-05,7.787143840687349439e-05,-5.012312904000282288e-04
-9.003542363643646240e-04,5.200579107622615993e-05,9.497193968854844570e-05,4.216548521071672440e-03
4.644686356186866760e-03,2.073086579912342131e-05,1.265386817976832390e-04,1.305171661078929901e-02
1.109205186367034912e-03,5.389628495322540402e-05,9.457096166443079710e-05,4.021661821752786636e-03
-8.533850312232971191e-03,7.236341480165719986e-05,7.183775596786290407e-05,-2.116585150361061096e-03
8.429139852523803711e-04,1.416340237483382225e-04,1.584242272656410933e-05,-1.855253428220748901e-02
4.626242443919181824e-03,3.218834899598732591e-05,1.162681874120607972e-04,1.010616123676300049e-02
-3.219451755285263062e-03,7.898157491581514478e-06,1.329737278865650296e-04,1.521024480462074280e-02
-4.701014608144760132e-03,8.439373050350695848e-05,6.352990021696314216e-05,-4.652164876461029053e-03
2.253572270274162292e-02,7.145030394895002246e-05,9.262625098926946521e-05,2.612316515296697617e-03
-6.224472075700759888e-03,4.266329415258951485e-05,9.991465049097314477e-05,5.846033804118633270e-03
5.165945738554000854e-03,9.856908582150936127e-05,5.718006286770105362e-05,-6.865840405225753784e-03
-6.643816828727722168e-03,7.595036004204303026e-05,6.984101491980254650e-05,-2.764496952295303345e-03
-9.329073131084442139e-03,5.172136297915130854e-05,8.980878919828683138e-05,3.070347243919968605e-03
1.309191808104515076e-02,8.469507156405597925e-05,7.469704723916947842e-05,-2.155730035156011581e-03
5.637882277369499207e-03,2.232293991255573928e-05,1.257515978068113327e-04,1.278645731508731842e-02
1.007378846406936646e-02,3.529456444084644318e-05,1.169885654235258698e-04,1.009633578360080719e-02
5.488496273756027222e-03,5.420443267212249339e-05,9.710997983347624540e-05,4.575999453663825989e-03
-8.152008056640625000e-03,1.023926015477627516e-04,4.519609865383245051e-05,-9.774425998330116272e-03
-1.172880828380584717e-02,3.264997212681919336e-05,1.053421510732732713e-04,7.621753960847854614e-03
-1.307938992977142334e-02,6.680079241050407290e-05,7.389655365841463208e-05,-1.345346216112375259e-03
-1.089937984943389893e-03,5.036735819885507226e-05,9.631707507651299238e-05,4.609960131347179413e-03
-1.946829259395599365e-02,9.534184209769591689e-05,4.423521386343054473e-05,-9.600376710295677185e-03
3.603797405958175659e-03,9.873470844468101859e-05,5.602765304502099752e-05,-7.134352810680866241e-03
5.759697407484054565e-03,9.341234544990584254e-05,6.217887857928872108e-05,-5.455428734421730042e-03
6.249148398637771606e-03,9.860243881121277809e-05,5.784646418760530651e-05,-6.717715412378311157e-03
-4.444479942321777344e-03,5.121652066009119153e-06,1.346722856396809220e-04,1.574619114398956299e-02
-5.976893007755279541e-03,2.104457962559536099e-05,1.194304422824643552e-04,1.143467240035533905e-02
3.887405619025230408e-03,5.538090044865384698e-05,9.502746252110227942e-05,4.042214713990688324e-03
-1.589190214872360229e-03,8.887096191756427288e-05,6.152136484161019325e-05,-5.352012813091278076e-03
-1.006703823804855347e-03,2.863285772036761045e-05,1.158309023594483733e-04,1.020456571131944656e-02
5.723405629396438599e-03,1.037428737618029118e-04,5.290595436235889792e-05,-8.114103227853775024e-03
-1.548007130622863770e-03,7.049577106954529881e-05,7.800034654792398214e-05,-6.263395771384239197e-04
3.449484705924987793e-03,4.349198570707812905e-05,1.053908999892883003e-04,7.032567635178565979e-03
2.181909978389739990e-03,2.179864895879290998e-05,1.239996054209768772e-04,1.242119912058115005e-02
-4.148706793785095215e-03,5.559356213780120015e-05,8.967159374151378870e-05,2.825130475685000420e-03
-1.169163733720779419e-03,2.447616861900314689e-05,1.194482392747886479e-04,1.124872267246246338e-02
1.075440831482410431e-02,9.188472904497757554e-05,6.675716576864942908e-05,-4.340545274317264557e-03
7.100857794284820557e-03,7.065221871016547084e-05,8.341958891833201051e-05,5.845772102475166321e-04
-2.032261714339256287e-02,6.380520062521100044e-05,7.192289922386407852e-05,-1.623687800019979477e-03
-2.287313342094421387e-03,3.523627674439921975e-05,1.090952791855670512e-04,8.323213085532188416e-03
-5.155019462108612061e-03,6.936382123967632651e-05,7.669534534215927124e-05,-8.573662489652633667e-04
-8.113510906696319580e-03,5.552556831389665604e-05,8.718398021301254630e-05,2.269066404551267624e-03
1.399938017129898071e-03,5.575246177613735199e-05,9.309588494943454862e-05,3.586953738704323769e-03
-1.372240483760833740e-03,6.638140621362254024e-05,8.179718861356377602e-05,4.558712244033813477e-04
-1.101680099964141846e-03,9.678565402282401919e-05,5.474817589856684208e-05,-7.314403541386127472e-03
-1.366563886404037476e-02,6.928419315954670310e-05,7.129617733880877495e-05,-2.068016212433576584e-03
1.163376867771148682e-02,5.254730422166176140e-05,1.025437813950702548e-04,5.890580825507640839e-03
-6.769247353076934814e-03,5.580967263085767627e-05,8.779366180533543229e-05,2.390547189861536026e-03
8.953548967838287354e-04,2.930162372649647295e-05,1.164547211374156177e-04,1.030793413519859314e-02
1.875910907983779907e-03,1.174902427010238171e-04,3.812393697444349527e-05,-1.220170874148607254e-02
-1.456059515476226807e-03,9.565911750541999936e-05,5.552904985961504281e-05,-7.076312787830829620e-03
6.524942815303802490e-03,1.025261590257287025e-04,5.451057222671806812e-05,-7.685639895498752594e-03
7.006425410509109497e-03,1.328749640379101038e-04,2.764678356470540166e-05,-1.541116368025541306e-02
1.122149266302585602e-02,4.560736851999536157e-05,1.084925606846809387e-04,7.613485679030418396e-03
2.001397311687469482e-03,3.455553087405860424e-05,1.124614936998113990e-04,9.118447080254554749e-03
-1.255365461111068726e-02,8.415886986767873168e-05,5.869265442015603185e-05,-5.727765150368213654e-03
-1.561759784817695618e-02,7.878898759372532368e-05,6.153122376417741179e-05,-4.791708663105964661e-03
-5.740199238061904907e-03,1.035539171425625682e-04,4.570655801217071712e-05,-9.723833762109279633e-03
9.279873222112655640e-03,8.229429658968001604e-05,7.439630280714482069e-05,-2.090516500174999237e-03
-1.976024359464645386e-03,6.286793359322473407e-05,8.455492934444919229e-05,1.270977314561605453e-03
4.578841850161552429e-03,1.190978509839624166e-04,3.842193109448999166e-05,-1.222363580018281937e-02
-1.849383115768432617e-03,1.118931832024827600e-04,4.074080061400309205e-05,-1.130297314375638962e-02
9.167063981294631958e-03,5.739837797591462731e-05,9.661474905442446470e-05,4.287748597562313080e-03
4.916282370686531067e-03,3.110661054961383343e-05,1.174231729237362742e-04,1.042596530169248581e-02
3.209015354514122009e-03,6.015662074787542224e-05,9.031539229908958077e-05,2.717426512390375137e-03
5.085868760943412781e-03,6.046944690751843154e-05,9.124170173890888691e-05,2.908572321757674217e-03
1.083813607692718506e-03,1.180644321721047163e-04,3.710067539941519499e-05,-1.246377360075712204e-02
-7.689263671636581421e-03,8.043591515161097050e-05,6.515279528684914112e-05,-4.067856818437576294e-03
3.399021923542022705e-03,4.258405897417105734e-05,1.061713919625617564e-04,7.258471101522445679e-03
-8.804980665445327759e-03,7.947808626340702176e-05,6.529325037263333797e-05,-3.983227536082267761e-03
8.678905665874481201e-03,1.131934550357982516e-04,4.634396100300364196e-05,-1.011398341506719589e-02
6.654186174273490906e-03,9.713969484437257051e-05,5.941649942542426288e-05,-6.283416412770748138e-03
-1.951925456523895264e-03,4.970668669557198882e-05,9.635455353418365121e-05,4.654966294765472412e-03
2.464219927787780762e-03,3.885597107000648975e-05,1.089085271814838052e-04,8.080817759037017822e-03
1.548265852034091949e-02,6.332460179692134261e-05,9.536814468447118998e-05,3.679163521155714989e-03
8.192565292119979858e-03,2.833820326486602426e-05,1.220078411279246211e-04,1.161096803843975067e-02
-1.572530716657638550e-03,2.507906174287199974e-06,1.388585951644927263e-04,1.683298125863075256e-02
3.165652975440025330e-03,1.098699722206220031e-04,4.577589061227627099e-05,-1.005785446614027023e-02
-4.688844084739685059e-03,8.868186705512925982e-05,5.969827179796993732e-05,-5.751824937760829926e-03
-1.473095268011093140e-03,7.481515785912051797e-05,7.418106542900204659e-05,-1.724950503557920456e-03
9.872019290924072266e-05,4.016229650005698204e-05,1.062183800968341529e-04,7.403102703392505646e-03
-1.370988786220550537e-03,7.824727799743413925e-05,7.117369386833161116e-05,-2.591727301478385925e-03
-9.514056146144866943e-04,1.095422849175520241e-04,4.342292231740429997e-05,-1.056923996657133102e-02
3.900812938809394836e-03,3.042720345547422767e-05,1.173787677544169128e-04,1.045357994735240936e-02
-1.216968148946762085e-02,5.175228579901158810e-05,8.795522444415837526e-05,2.651500515639781952e-03
-5.293488502502441406e-04,9.083127224585041404e-05,6.044741166988387704e-05,-5.702213384211063385e-03
-9.092986583709716797e-03,5.637965296045877039e-05,8.578966662753373384e-05,1.908005215227603912e-03
-4.807602614164352417e-03,2.798221976263448596e-05,1.139703163062222302e-04,9.821863844990730286e-03
1.477997750043869019e-03,7.406244549201801419e-05,7.675193046452477574e-05,-1.104722265154123306e-03
3.933459520339965820e-04,4.831626574741676450e-05,9.910698281601071358e-05,5.351353902369737625e-03
-6.161853671073913574e-04,-6.738773663528263569e-07,1.423221692675724626e-04,1.778857223689556122e-02
8.789554238319396973e-03,8.714549039723351598e-05,6.973754352657124400e-05,-3.407486714422702789e-03
-7.605932652950286865e-03,2.929306356236338615e-05,1.109979202738031745e-04,9.080380201339721680e-03
-3.882754594087600708e-03,5.943874930380843580e-05,8.639969018986448646e-05,1.875952817499637604e-03
-1.742742210626602173e-02,1.168970848084427416e-04,2.624722401378676295e-05,-1.484167668968439102e-02
-7.075674831867218018e-03,7.201032713055610657e-05,7.309119246201589704e-05,-1.814960967749357224e-03
-1.415260136127471924e-03,1.536476484034210443e-04,3.634340828284621239e-06,-2.196491882205009460e-02
-8.234594017267227173e-03,1.085585681721568108e-04,3.962221671827137470e-05,-1.137011777609586716e-02
-8.799586445093154907e-03,5.119773413753136992e-05,9.061797027243301272e-05,3.281436162069439888e-03
-8.093733340501785278e-03,1.015392335830256343e-04,4.599762542056851089e-05,-9.546808898448944092e-03
-2.799406647682189941e-04,5.764126399299129844e-05,9.032491652760654688e-05,2.858807565644383430e-03
5.956627428531646729e-04,5.755864913226105273e-05,9.096170833799988031e-05,3.006688784807920456e-03
2.987535670399665833e-03,5.968154073343612254e-05,9.059839794645085931e-05,2.807412995025515556e-03
5.786739289760589600e-03,1.039073104038834572e-04,5.279943434288725257e-05,-8.147175423800945282e-03
-3.044337034225463867e-03,7.864996587159112096e-05,6.973755080252885818e-05,-2.937217243015766144e-03
7.582087069749832153e-03,1.391159166814759374e-04,2.242886694148182869e-05,-1.693089678883552551e-02
-6.278976798057556152e-04,7.828418893041089177e-05,7.161829125834628940e-05,-2.493716776371002197e-03
-9.951107203960418701e-04,7.127947174012660980e-05,7.765404006931930780e-05,-7.476569153368473053e-04
-4.049193114042282104e-03,4.727678606286644936e-05,9.718212095322087407e-05,4.975711926817893982e-03
-4.429571330547332764e-03,9.461893932893872261e-05,5.454907295643351972e-05,-7.239272817969322205e-03
-9.741246700286865234e-03,1.068560159183107316e-04,4.017817263957113028e-05,-1.115075964480638504e-02
-7.319658994674682617e-03,7.494209421565756202e-05,7.030935375951230526e-05,-2.603286877274513245e-03
1.301400549709796906e-02,1.334748230874538422e-04,3.097124863415956497e-05,-1.469621155411005020e-02
1.206625252962112427e-03,6.913883407833054662e-05,8.098592661553993821e-05,1.206649467349052429e-04
2.288073301315307617e-04,7.756513514323160052e-05,7.281277794390916824e-05,-2.185098826885223389e-03
6.064992398023605347e-03,1.096497362595982850e-04,4.783671829500235617e-05,-9.581884369254112244e-03
-1.070421189069747925e-03,1.219431433128193021e-04,3.224312240490689874e-05,-1.377164851874113083e-02
9.582594037055969238e-03,7.432806887663900852e-05,8.172357775038108230e-05,-5.783513188362121582e-07
-2.857819199562072754e-03,3.269160515628755093e-07,1.399852044414728880e-04,1.720724999904632568e-02
1.829955726861953735e-03,8.540695853298529983e-05,6.682067032670602202e-05,-3.967679105699062347e-03
7.708596065640449524e-03,1.025279925670474768e-04,5.526975292013958097e-05,-7.514890283346176147e-03
-8.257877081632614136e-03,7.140729576349258423e-05,7.287123298738151789e-05,-1.831081230193376541e-03
-9.602759033441543579e-03,8.599891589256003499e-05,5.894192145206034184e-05,-5.773522891104221344e-03
3.393895924091339111e-03,8.543556759832426906e-05,6.780032708775252104e-05,-3.748794086277484894e-03
3.203688189387321472e-03,7.638348324690014124e-05,7.578299846500158310e-05,-1.451257150620222092e-03
2.499431371688842773e-03,1.026448371703736484e-04,5.181679080124013126e-05,-8.298432454466819763e-03
-4.635304212570190430e-03,3.100841422565281391e-05,1.113715115934610367e-04,9.069502353668212891e-03
-3.841470927000045776e-03,6.884593312861397862e-05,7.800335879437625408e-05,-5.343351513147354126e-04
-1.519930735230445862e-02,5.117830005474388599e-05,8.652175893075764179e-05,2.360680373385548592e-03
-4.454020410776138306e-03,7.559781079180538654e-05,7.156422361731529236e-05,-2.357180230319499969e-03
9.763464331626892090e-04,4.577481013257056475e-05,1.017572576529346406e-04,6.088466849178075790e-03
8.100962266325950623e-03,2.873503035516478121e-05,1.215936499647796154e-04,1.149578951299190521e-02
-1.268014311790466309e-03,1.008500112220644951e-04,5.100217458675615489e-05,-8.382405154407024384e-03
6.188113242387771606e-03,8.981556311482563615e-05,6.567469972651451826e-05,-4.469611681997776031e-03
1.927580684423446655e-03,6.013946040184237063e-05,8.950706978794187307e-05,2.536467276513576508e-03
-7.581520825624465942e-03,3.802261926466599107e-05,1.031974607030861080e-04,6.841700058430433273e-03
-5.104493349790573120e-03,8.560230344301089644e-05,6.218843918759375811e-05,-5.020956508815288544e-03
4.921179264783859253e-03,7.173007179517298937e-05,8.105346933007240295e-05,-7.573049515485763550e-06
3.361258655786514282e-03,6.124952778918668628e-05,8.943470311351120472e-05,2.458733972162008286e-03
1.626811549067497253e-02,5.939536640653386712e-05,9.939112351275980473e-05,4.802018869668245316e-03
-3.510579466819763184e-03,1.153883349616080523e-04,3.654357715277001262e-05,-1.244101207703351974e-02
-3.733124583959579468e-03,5.704661089112050831e-05,8.863771654432639480e-05,2.512027043849229813e-03
1.124714873731136322e-02,1.042188450810499489e-04,5.603034151135943830e-05,-7.437320426106452942e-03
6.534561514854431152e-03,9.674479224486276507e-05,5.969318954157643020e-05,-6.199288181960582733e-03
-5.034405738115310669e-03,4.488762351684272289e-05,9.868801862467080355e-05,5.446859169751405716e-03
5.738293752074241638e-03,7.921507494756951928e-05,7.487687253160402179e-05,-1.811917405575513840e-03
-1.145469024777412415e-02,7.561853271909058094e-05,6.704576662741601467e-05,-3.375184722244739532e-03
2.026386559009552002e-03,4.300739237805828452e-05,1.049100537784397602e-04,6.951179355382919312e-03
-7.545575499534606934e-04,6.172937719384208322e-05,8.635949052404612303e-05,1.740108476951718330e-03
3.522899001836776733e-03,5.819464786327444017e-05,9.227383270626887679e-05,3.266769461333751678e-03
8.895628154277801514e-03,7.704603194724768400e-05,7.884843216743320227e-05,-7.980684749782085419e-04
4.180079326033592224e-03,5.979861452942714095e-05,9.126011718763038516e-05,2.949848771095275879e-03
-2.080701291561126709e-03,6.881598528707399964e-05,7.916196773294359446e-05,-2.719378098845481873e-04
4.170909523963928223e-04,6.511656101793050766e-05,8.407983841607347131e-05,1.039586029946804047e-03
-4.364419728517532349e-03,1.414678990840911865e-04,1.264399907086044550e-05,-1.926312968134880066e-02
2.872543409466743469e-03,6.792873318772763014e-05,8.314022852573543787e-05,6.724661216139793396e-04
-9.638298302888870239e-03,5.342989607015624642e-05,8.808026905171573162e-05,2.586777321994304657e-03
-1.189313456416130066e-02,5.810154834762215614e-05,8.244806667789816856e-05,1.060678157955408096e-03
-5.954209715127944946e-03,-9.840616257861256599e-06,1.470985735068097711e-04,1.937090232968330383e-02
-8.721277117729187012e-05,7.818084850441664457e-05,7.205836300272494555e-05,-2.388959750533103943e-03
3.152552992105484009e-03,5.816857083118520677e-05,9.205912647303193808e-05,3.219894832000136375e-03
-1.569981873035430908e-02,6.472358654718846083e-05,7.407204975606873631e-05,-1.190867274999618530e-03
-5.715329200029373169e-03,4.987672582501545548e-05,9.378325921716168523e-05,4.066894762217998505e-03
1.489233225584030151e-02,5.500566476257517934e-05,1.024371886160224676e-04,5.730512551963329315e-03
1.117025502026081085e-02,5.154155951458960772e-05,1.031463543768040836e-04,6.081860512495040894e-03
5.006909370422363281e-03,4.114718467462807894e-05,1.084914401872083545e-04,7.860124111175537109e-03
-7.778778672218322754e-05,5.674092608387582004e-05,9.126099030254408717e-05,3.119304077699780464e-03
-3.330010920763015747e-03,4.861465276917442679e-05,9.644650708651170135e-05,4.736107774078845978e-03
3.654669970273971558e-03,8.818073547445237637e-05,6.551002297783270478e-05,-4.416176117956638336e-03
-6.177745759487152100e-03,7.717456901445984840e-05,6.904446490807458758e-05,-3.011521883308887482e-03
5.243338644504547119e-03,1.249246706720441580e-04,3.363192081451416016e-05,-1.362414937466382980e-02
-4.314251244068145752e-03,7.201660628197714686e-05,7.486055255867540836e-05,-1.417120918631553650e-03
-1.305679231882095337e-02,4.503033414948731661e-05,9.340359974885359406e-05,4.249725490808486938e-03
6.518924608826637268e-03,7.643777644261717796e-05,7.786534843035042286e-05,-9.856377728283405304e-04
2.595558762550354004e-03,9.807682363316416740e-05,5.596862320089712739e-05,-7.111219689249992371e-03
-3.894228488206863403e-03,2.875932841561734676e-05,1.138616207754239440e-04,9.754386730492115021e-03
4.909597337245941162e-04,7.927467959234490991e-05,7.145061681512743235e-05,-2.586279995739459991e-03
-8.499994874000549316e-03,1.018357143038883805e-04,4.547103526419959962e-05,-9.681728668510913849e-03
-5.646273493766784668e-03,5.291012712405063212e-05,9.111163672059774399e-05,3.297745948657393456e-03
-3.653153777122497559e-03,3.108202145085670054e-05,1.119369262596592307e-04,9.192670695483684540e-03
6.093649193644523621e-03,7.279978308361023664e-05,8.084932051133364439e-05,-1.127296127378940582e-04
5.004648119211196899e-03,2.035921352216973901e-05,1.271028304472565651e-04,1.319924741983413696e-02
-1.857049763202667236e-03,8.649736992083489895e-05,6.347442104015499353e-05,-4.781097173690795898e-03
-1.278696209192276001e-02,3.536193980835378170e-05,1.022337892209179699e-04,6.772110704332590103e-03
5.153417587280273438e-03,1.159294261015020311e-04,4.162815457675606012e-05,-1.132670324295759201e-02
6.542913615703582764e-04,6.626097456319257617e-05,8.320763299707323313e-05,7.799523882567882538e-04
7.249228656291961670e-04,3.761793050216510892e-05,1.088990320567972958e-04,8.147213608026504517e-03
-7.763899862766265869e-03,5.582538142334669828e-05,8.714025170775130391e-05,2.242630347609519958e-03
6.737185642123222351e-03,1.120720262406393886e-04,4.609995448845438659e-05,-1.010681968182325363e-02
-8.054859936237335205e-03,6.617284088861197233e-05,7.768846990074962378e-05,-4.572314210236072540e-04
6.684603169560432434e-03,6.147473322926089168e-05,9.136924199992790818e-05,2.881627297028899193e-03
1.210831105709075928e-04,4.908240225631743670e-05,9.824599692365154624e-05,5.115184467285871506e-03
-5.067005753517150879e-03,1.034996676025912166e-04,4.618784805643372238e-05,-9.612519294023513794e-03
-1.018993556499481201e-03,8.653540135128423572e-05,6.397905235644429922e-05,-4.669638350605964661e-03
-2.263519912958145142e-03,8.378126949537545443e-05,6.564504292327910662e-05,-4.142258316278457642e-03
7.015615701675415039e-04,2.214896812802180648e-05,1.227343891514465213e-04,1.211707852780818939e-02
2.147905528545379639e-03,1.125305425375699997e-04,4.273951344657689333e-05,-1.088845264166593552e-02
-1.255262643098831177e-03,2.297628088854253292e-05,1.207358436658978462e-04,1.162151899188756943e-02
-1.389903575181961060e-02,5.062636773800477386e-05,8.785172394709661603e-05,2.690534573048353195e-03
-1.351150125265121460e-02,3.860654396703466773e-05,9.886296902550384402e-05,5.833918694406747818e-03
6.145201623439788818e-04,1.718577550491318107e-05,1.271223154617473483e-04,1.337929815053939819e-02
8.263839408755302429e-03,5.580948345595970750e-05,9.745681018102914095e-05,4.565204028040170670e-03
-4.933223128318786621e-03,1.018332550302147865e-04,4.776588320964947343e-05,-9.165145456790924072e-03
-5.645342171192169189e-03,6.674777978332713246e-05,7.872247806517407298e-05,-2.563595771789550781e-04
-6.541412323713302612e-03,1.861604323494248092e-05,1.212420102092437446e-04,1.197678875178098679e-02
1.527287065982818604e-03,9.341326222056522965e-05,5.945755401626229286e-05,-6.067900918424129486e-03
-1.252678409218788147e-02,5.447774310596287251e-05,8.528539183316752315e-05,1.899802358821034431e-03
7.429813966155052185e-03,9.407121979165822268e-05,6.266246782615780830e-05,-5.383072420954704285e-03
8.633114397525787354e-03,7.188819290604442358e-05,8.329784759553149343e-05,4.887627437710762024e-04
1.174007542431354523e-02,4.428555621416307986e-05,1.100093941204249859e-04,8.028010837733745575e-03
4.246009513735771179e-03,1.600112882442772388e-04,1.575506757944822311e-06,-2.278050780296325684e-02
-5.637023597955703735e-03,6.033451063558459282e-05,8.447005529887974262e-05,1.392112579196691513e-03
-2.544194459915161133e-03,1.068497804226353765e-04,4.480987990973517299e-05,-1.010806951671838760e-02
2.816038206219673157e-03,4.734690082841552794e-05,1.015321759041398764e-04,5.950792226940393448e-03
4.497839137911796570e-03,6.204901001183316112e-05,8.944943692767992616e-05,2.417794661596417427e-03
5.774185061454772949e-03,1.243448350578546524e-04,3.449231007834896445e-05,-1.339842472225427628e-02
8.213631808757781982e-04,5.005722414352931082e-05,9.782330744201317430e-05,4.966098815202713013e-03
1.375778391957283020e-02,1.133026016759686172e-04,4.951084702042862773e-05,-9.407332167029380798e-03
-7.482435554265975952e-03,1.085087860701605678e-04,4.015025479020550847e-05,-1.124852988868951797e-02
-1.621561497449874878e-02,7.104121323209255934e-05,6.808392208768054843e-05,-2.888177521526813507e-03
6.358578801155090332e-03,2.226961805718019605e-05,1.262625883100554347e-04,1.290440466254949570e-02
1.429093256592750549e-02,8.302052447106689215e-05,7.696707325521856546e-05,-1.552177127450704575e-03
3.584090620279312134e-03,6.397374090738594532e-05,8.713876741239801049e-05,1.791246002539992332e-03
8.376292884349822998e-03,8.336096652783453465e-05,7.286044274223968387e-05,-2.495199441909790039e-03
-4.766732454299926758e-04,5.558030170504935086e-05,9.204378147842362523e-05,3.359714057296514511e-03
2.088397741317749023e-05,3.244937397539615631e-05,1.130742457462474704e-04,9.372930042445659637e-03
1.544610969722270966e-02,3.402929360163398087e-05,1.215746742673218250e-04,1.119845546782016754e-02
-1.442633569240570068e-02,5.234683339949697256e-05,8.597234409535303712e-05,2.172352047637104988e-03
-2.788305282592773438e-04,4.695157986134290695e-05,9.989680984290316701e-05,5.604642909020185471e-03
-4.336565732955932617e-03,6.571195990545675159e-05,8.049117604969069362e-05,1.990171149373054504e-04
1.288294792175292969e-03,6.288916483754292130e-05,8.663416519993916154e-05,1.737722661346197128e-03
9.263318032026290894e-03,6.592064164578914642e-05,8.904606511350721121e-05,2.112705027684569359e-03
4.206789657473564148e-03,9.894471440929919481e-05,5.622721437248401344e-05,-7.101067341864109039e-03
1.146319508552551270e-02,7.477129111066460609e-05,8.253555279225111008e-05,1.576174981892108917e-04
-6.146762520074844360e-03,2.722940553212538362e-05,1.137835788540542126e-04,9.821511805057525635e-03
7.051091641187667847e-03,1.262279693037271500e-04,3.362698771525174379e-05,-1.369740348309278488e-02
-9.268730878829956055e-03,7.076445763232186437e-05,7.279704732354730368e-05,-1.812191680073738098e-03
3.366865217685699463e-03,4.588568117469549179e-06,1.401705812895670533e-04,1.701306365430355072e-02
-4.858125001192092896e-03,9.361104457639157772e-05,5.517604586202651262e-05,-7.042383775115013123e-03
6.598535925149917603e-03,2.512921855668537319e-05,1.238564436789602041e-04,1.220461912453174591e-02
5.016574636101722717e-03,6.794004002586007118e-05,8.450824680039659142e-05,9.797066450119018555e-04
-7.047392427921295166e-04,4.033504228573292494e-05,1.055472675943747163e-04,7.242509629577398300e-03
1.294579356908798218e-03,1.029401246341876686e-04,5.077794412500225008e-05,-8.548565208911895752e-03
-1.074609160423278809e-02,8.801595686236396432e-05,5.640102244797162712e-05,-6.456994451582431793e-03
1.266177743673324585e-03,1.799251185730099678e-05,1.268188643734902143e-04,1.326635014265775681e-02
4.180166870355606079e-03,1.013266737572848797e-04,5.407737626228481531e-05,-7.716731168329715729e-03
4.715604707598686218e-03,4.205098230158910155e-05,1.074949614121578634e-04,7.585843093693256378e-03
5.774063989520072937e-03,3.410905264900065958e-05,1.152862532762810588e-04,9.778860956430435181e-03
-5.267187952995300293e-04,2.140427022823132575e-05,1.226116582984104753e-04,1.213067863136529922e-02
-8.596312254667282104e-03,3.065754935960285366e-05,1.091396115953102708e-04,8.586645126342773438e-03
-2.916906028985977173e-03,3.226788976462557912e-05,1.113483740482479334e-04,8.994576521217823029e-03
-2.448670566082000732e-03,4.790539605892263353e-05,9.764807327883318067e-05,5.045774392783641815e-03
-4.522826522588729858e-03,8.431007881881669164e-05,6.371932977344840765e-05,-4.604903049767017365e-03
-2.395264059305191040e-02,2.970876448671333492e-05,1.001183700282126665e-04,6.608977448195219040e-03
4.450390115380287170e-03,7.659685797989368439e-05,7.639329851372167468e-05,-1.325722318142652512e-03
-1.020441949367523193e-02,9.299429075326770544e-05,5.229177622823044658e-05,-7.657336071133613586e-03
4.536300897598266602e-03,1.418926403857767582e-04,1.798490848159417510e-05,-1.808469370007514954e-02
1.393010839819908142e-02,1.190529146697372198e-04,1.691379293333739042e-05,8.466391824185848236e-03
-7.963068783283233643e-04,7.129774166969582438e-05,7.776546408422291279e-05,-7.235910743474960327e-04
1.107707619667053223e-03,1.067449629772454500e-04,4.725110920844599605e-05,-9.552879258990287781e-03
-1.172804087400436401e-02,5.555130337597802281e-05,8.483757846988737583e-05,1.739596016705036163e-03
-1.256994903087615967e-02,1.373783015878871083e-05,1.217347671627067029e-04,1.235771365463733673e-02
8.897073566913604736e-04,9.112597763305529952e-05,6.109568494139239192e-05,-5.572635680437088013e-03
8.407227694988250732e-03,5.164645335753448308e-05,1.012764114420861006e-04,5.655232816934585571e-03
-3.304831683635711670e-03,2.253440106869675219e-05,1.198140671476721764e-04,1.143853552639484406e-02
2.321287989616394043e-03,3.125201692455448210e-05,1.156249709310941398e-04,1.001323852688074112e-02
-1.215789094567298889e-02,4.336589336162433028e-05,9.547168156132102013e-05,4.807273391634225845e-03
5.322169512510299683e-03,7.029285188764333725e-05,8.259804599219933152e-05,4.195850342512130737e-04
1.057878136634826660e-03,6.292430043686181307e-05,8.645459456602111459e-05,1.695367973297834396e-03
-8.912533521652221680e-04,5.345914905774407089e-05,9.367649909108877182e-05,3.844565246254205704e-03
-6.083101034164428711e-04,6.562878115801140666e-05,8.296210580738261342e-05,7.596928626298904419e-04
-8.243072777986526489e-03,5.868914740858599544e-06,1.315615663770586252e-04,1.500477176159620285e-02
3.374969586730003357e-03,7.103080133674666286e-05,8.068569150054827332e-05,-5.163019523024559021e-05
5.640981718897819519e-03,9.503531327936798334e-05,6.064943227102048695e-05,-5.889463238418102264e-03
5.711801350116729736e-03,5.233297633822076023e-05,9.892915113596245646e-05,5.088990088552236557e-03
-1.260288059711456299e-03,7.529331924160942435e-05,7.388972881017252803e-05,-1.816981472074985504e-03
3.223212435841560364e-03,1.149791787611320615e-04,4.123827966395765543e-05,-1.136184018105268478e-02
-8.655391633510589600e-03,1.433822035323828459e-06,1.352675608359277248e-04,1.608429104089736938e-02
-4.445757716894149780e-03,9.324141137767583132e-05,5.577206320594996214e-05,-6.887792609632015228e-03
7.161386311054229736e-04,1.010178748401813209e-04,5.212724863667972386e-05,-8.138504810631275177e-03
-1.970827579498291016e-03,7.207597082015126944e-05,7.631371408933773637e-05,-1.093380153179168701e-03
5.483573302626609802e-03,5.596431583398953080e-05,9.553108247928321362e-05,4.123257007449865341e-03
-4.816181957721710205e-03,1.267159677809104323e-04,2.556198887759819627e-05,-1.553940679877996445e-02
5.503980442881584167e-03,8.596236875746399164e-05,6.868497439427301288e-05,-3.578870557248592377e-03
7.664250209927558899e-03,1.225755549967288971e-04,3.729136369656771421e-05,-1.267057191580533981e-02
1.357265189290046692e-02,9.734603372635319829e-05,6.367880996549502015e-05,-5.335625261068344116e-03
3.439560532569885254e-03,5.446798240882344544e-05,9.555699216434732080e-05,4.211917053908109665e-03
7.551684975624084473e-04,8.643796172691509128e-05,6.520669558085501194e-05,-4.387967288494110107e-03
-1.503447443246841431e-02,7.133063627406954765e-05,6.858399137854576111e-05,-2.791660837829113007e-03
-1.715652644634246826e-03,7.061510405037552118e-05,7.778574217809364200e-05,-6.812415085732936859e-04
3.060624003410339355e-04,1.407571544405072927e-04,1.628246536711230874e-05,-1.840496808290481567e-02
4.028089344501495361e-03,9.370287443744018674e-05,6.080571256461553276e-05,-5.780535750091075897e-03
2.825524657964706421e-03,1.166165166068822145e-04,3.951662802137434483e-05,-1.183992531150579453e-02
-3.461901098489761353e-03,5.190268711885437369e-05,9.341774421045556664e-05,3.872491419315338135e-03
-5.117718130350112915e-03,6.140579353086650372e-05,8.384465763811022043e-05,1.192069146782159805e-03
1.584467291831970215e-02,1.238114346051588655e-04,1.790971873560920358e-05,4.697948228567838669e-03
5.395710468292236328e-04,3.034021210623905063e-05,1.152961121988482773e-04,9.989703074097633362e-03
-6.884891539812088013e-03,9.505642810836434364e-05,5.257912926026619971e-05,-7.706817239522933960e-03
5.728697404265403748e-03,8.066504960879683495e-05,7.357246067840605974e-05,-2.185733057558536530e-03
6.704889237880706787e-04,2.879610474337823689e-05,1.167628070106729865e-04,1.040525082498788834e-02
-5.119264125823974609e-03,2.157309063477441669e-05,1.195085060317069292e-04,1.142298430204391479e-02
3.027381375432014465e-03,6.056787606212310493e-05,8.983041334431618452e-05,2.585520502179861069e-03
5.529301241040229797e-03,4.502393858274444938e-05,1.053561063599772751e-04,6.939937826246023178e-03
2.717291936278343201e-03,8.254560088971629739e-05,6.995299918344244361e-05,-3.104372881352901459e-03
-4.222765564918518066e-03,5.914503708481788635e-05,8.644411718705669045e-05,1.902210293337702751e-03
-3.493808209896087646e-03,6.055929407011717558e-05,8.564640302211046219e-05,1.644403208047151566e-03
3.818422555923461914e-06,3.156463935738429427e-05,1.138554362114518881e-04,9.597707539796829224e-03
-2.120625227689743042e-03,9.832515934249386191e-05,5.271479676594026387e-05,-7.857224904000759125e-03
-4.547405987977981567e-03,4.994942719349637628e-05,9.446887997910380363e-05,4.217168316245079041e-03
8.419454097747802734e-04,1.068949786713346839e-04,4.694596282206475735e-05,-9.629855863749980927e-03
-5.279999226331710815e-03,6.028180359862744808e-05,8.474673086311668158e-05,1.457293517887592316e-03
-1.108615472912788391e-02,6.204998499015346169e-05,7.943148375488817692e-05,1.632459461688995361e-04
-1.275524124503135681e-02,4.205774166621267796e-05,9.625899110687896609e-05,5.056865047663450241e-03
8.739296346902847290e-03,5.234163836576044559e-05,1.008674153126776218e-04,5.524707026779651642e-03
-1.797921955585479736e-03,9.040467557497322559e-05,6.001395013299770653e-05,-5.776147358119487762e-03
-9.878639131784439087e-03,5.690871694241650403e-05,8.481095574097707868e-05,1.658465247601270676e-03
1.605790108442306519e-03,8.173772948794066906e-05,6.996188312768936157e-05,-3.057654947042465210e-03
-1.916177570819854736e-03,8.340015483554452658e-05,6.620955537073314190e-05,-3.994121216237545013e-03
2.306699752807617188e-03,4.366246503195725381e-05,1.045036988216452301e-04,6.823470816016197205e-03
1.166976988315582275e-03,1.107470161514356732e-04,4.370589886093512177e-05,-1.057224627584218979e-02
4.619039595127105713e-03,7.075796020217239857e-05,8.172965317498892546e-05,1.984098926186561584e-04
6.716808304190635681e-03,3.401386493351310492e-05,1.159774619736708701e-04,9.939683601260185242e-03
3.862245008349418640e-03,8.942076237872242928e-05,6.453316746046766639e-05,-4.704654216766357422e-03
-6.051499396562576294e-03,5.327495091478340328e-05,9.052452514879405499e-05,3.145422786474227905e-03
-1.109462231397628784e-02,9.560388571117073298e-05,4.938302299706265330e-05,-8.456389419734477997e-03
-5.366258323192596436e-03,5.685071664629504085e-05,8.776335744187235832e-05,2.326100831851363182e-03
2.900173887610435486e-03,9.529049566481262445e-05,5.865920684300363064e-05,-6.351479329168796539e-03
3.376534208655357361e-03,7.399033347610384226e-05,7.803683547535911202e-05,-8.115675300359725952e-04
1.593678444623947144e-02,6.910214870003983378e-05,9.048703213920816779e-05,2.260876120999455452e-03
-1.313891261816024780e-02,6.318012310657650232e-05,7.710010686423629522e-05,-4.239766858518123627e-04
8.825594559311866760e-03,6.512098480015993118e-05,8.948069444159045815e-05,2.254781546071171761e-03
9.683484211564064026e-03,9.294037590734660625e-05,6.512360414490103722e-05,-4.766605794429779053e-03
-4.545211791992187500e-03,3.613055741880089045e-05,1.068432393367402256e-04,7.766899652779102325e-03
5.242334678769111633e-03,9.949439117917791009e-05,5.640067683998495340e-05,-7.092457264661788940e-03
-5.650538951158523560e-03,3.185967216268181801e-05,1.099567598430439830e-04,8.703995496034622192e-03
-1.086294651031494141e-04,8.431095920968800783e-05,6.655590550508350134e-05,-3.966593183577060699e-03
-3.965046256780624390e-03,7.395146531052887440e-05,7.335261034313589334e-05,-1.863579265773296356e-03
1.220066100358963013e-03,8.987869659904390574e-05,6.242480594664812088e-05,-5.204479210078716278e-03
-1.073951274156570435e-02,6.486706843134015799e-05,7.713196828262880445e-05,-5.101892165839672089e-04
-4.521720111370086670e-04,1.673451333772391081e-05,1.268407067982479930e-04,1.334090158343315125e-02
7.902266457676887512e-03,1.041520736180245876e-04,5.394010076997801661e-05,-7.904022932052612305e-03
1.917764544486999512e-03,1.731262818793766201e-05,1.278464333154261112e-04,1.353523600846529007e-02
4.202788695693016052e-03,1.274626119993627071e-04,3.069069498451426625e-05,-1.442654523998498917e-02
-9.215991944074630737e-03,8.956342207966372371e-05,5.599898940999992192e-05,-6.633128970861434937e-03
4.081765189766883850e-03,1.055011889548040926e-04,5.027640509069897234e-05,-8.803200908005237579e-03
5.359662696719169617e-03,1.170458417618647218e-04,4.076112236361950636e-05,-1.158362347632646561e-02
-1.439146697521209717e-03,5.081532435724511743e-05,9.569151734467595816e-05,4.444384481757879257e-03
-1.402033865451812744e-02,1.005536905722692609e-04,4.307054041419178247e-05,-1.015098113566637039e-02
-5.472190678119659424e-03,1.325120319961570203e-05,1.267327752429991961e-04,1.350943185389041901e-02
-3.395166248083114624e-03,5.895245340070687234e-05,8.714851719560101628e-05,2.071391325443983078e-03
-1.288910582661628723e-02,8.870165038388222456e-05,5.440958557301200926e-05,-6.943115964531898499e-03
2.423115074634552002e-03,5.879842501599341631e-05,9.102631156565621495e-05,2.952596638351678848e-03
-5.286529660224914551e-03,1.182451451313681901e-04,3.284414560766890645e-05,-1.343169156461954117e-02
-2.626534551382064819e-03,2.213705010944977403e-05,1.206058295792900026e-04,1.163871400058269501e-02
-2.463385462760925293e-03,6.098599260440096259e-05,8.592668746132403612e-05,1.683860085904598236e-03
9.024413302540779114e-03,7.320009171962738037e-05,8.237473957706242800e-05,2.084015868604183197e-04
-5.279418081045150757e-03,1.042025542119517922e-04,4.542196984402835369e-05,-9.823785163462162018e-03
4.483301192522048950e-03,1.115397462854161859e-04,4.512778468779288232e-05,-1.029613707214593887e-02
-5.844343453645706177e-03,7.939747592899948359e-05,6.726846913807094097e-05,-3.534251824021339417e-03
-1.387372240424156189e-02,4.220653499942272902e-05,9.540682367514818907e-05,4.856852348893880844e-03
5.091609433293342590e-03,7.432675192831084132e-05,7.883803482400253415e-05,-6.498838774859905243e-04
-4.950411617755889893e-03,6.184323865454643965e-05,8.356051694136112928e-05,1.103910617530345917e-03
-5.736947059631347656e-06,5.870893073733896017e-05,8.954522490967065096e-05,2.624241635203361511e-03
-4.528760910034179688e-03,7.369217200903221965e-05,7.322242890950292349e-05,-1.878525130450725555e-03
-2.228543162345886230e-04,7.936799374874681234e-05,7.090823783073574305e-05,-2.713505178689956665e-03
4.621595144271850586e-05,9.695319749880582094e-05,5.533600415219552815e-05,-7.191389799118041992e-03
-3.139592707157135010e-03,8.984199666883796453e-05,5.965535456198267639e-05,-5.825701169669628143e-03
1.814752817153930664e-03,1.314342662226408720e-04,2.559962013037875295e-05,-1.579211652278900146e-02
-1.168972998857498169e-02,7.719962741248309612e-05,6.547903467435389757e-05,-3.815293312072753906e-03
-5.129978060722351074e-03,1.422760251443833113e-04,1.142836117651313543e-05,-1.958143711090087891e-02
-9.367726743221282959e-04,5.802202576887793839e-05,8.956179954111576080e-05,2.665994456037878990e-03
9.272992610931396484e-04,1.072644663508981466e-04,4.667000393965281546e-05,-9.712411090731620789e-03
-3.711797297000885010e-03,6.583632057299837470e-05,8.078142127487808466e-05,2.574510872364044189e-04
1.325730234384536743e-03,4.251464633853174746e-05,1.049008715199306607e-04,6.976388860493898392e-03
1.302175223827362061e-02,1.102824171539396048e-04,2.042685082415118814e-05,1.322150975465774536e-02
-7.226981222629547119e-03,8.171466470230370760e-05,6.430500070564448833e-05,-4.329433664679527283e-03
-1.447491347789764404e-03,5.371405131882056594e-05,9.309072629548609257e-05,3.698630025610327721e-03
2.246968448162078857e-03,6.643988308496773243e-05,8.407118730247020721e-05,9.643877856433391571e-04
-4.108354449272155762e-03,1.403731148457154632e-04,1.378882734570652246e-05,-1.894488930702209473e-02
1.608628779649734497e-03,9.756351937539875507e-05,5.579384014708921313e-05,-7.122140377759933472e-03
-1.234619319438934326e-02,2.264867362100630999e-05,1.139001324190758169e-04,1.010130532085895538e-02
-1.758246496319770813e-02,1.149154195445589721e-05,1.205240696435794234e-04,1.220959424972534180e-02
5.258843302726745605e-04,1.068218552973121405e-04,4.680826896219514310e-05,-9.656795300543308258e-03
-4.146199673414230347e-03,7.972904131747782230e-05,6.806313467677682638e-05,-3.373769111931324005e-03
2.434160560369491577e-03,3.263009784859605134e-05,1.144636335084214807e-04,9.675601497292518616e-03
1.281790435314178467e-03,5.500259794644080102e-05,9.369134204462170601e-05,3.762467298656702042e-03
-7.507503032684326172e-04,9.862312435870990157e-05,5.332854198059067130e-05,-7.735597901046276093e-03
-3.425125032663345337e-03,7.777163409627974033e-05,7.027921674307435751e-05,-2.766697667539119720e-03
3.903815522789955139e-03,3.709136217366904020e-05,1.114138358389027417e-04,8.742305450141429901e-03
-1.408830285072326660e-04,-4.063644155394285917e-06,1.456627651350572705e-04,1.872799545526504517e-02
4.933260381221771240e-03,1.118730724556371570e-04,4.511856604949571192e-05,-1.031666342169046402e-02
-7.637158036231994629e-03,3.095532520092092454e-05,1.094895123969763517e-04,8.648904971778392792e-03
-3.851905465126037598e-03,1.100362060242332518e-04,4.111629823455587029e-05,-1.111567672342061996e-02
1.116458326578140259e-03,5.332767614163458347e-06,1.380577305098995566e-04,1.649638265371322632e-02
-5.758296698331832886e-03,9.988399688154459000e-05,4.898084080195985734e-05,-8.783823810517787933e-03
6.822960451245307922e-03,4.878211257164366543e-05,1.028227052302099764e-04,6.161773577332496643e-03
3.303516656160354614e-03,8.540239650756120682e-05,6.777193630114197731e-05,-3.753350116312503815e-03
-2.734251320362091064e-04,1.110502562369219959e-04,4.250853089615702629e-05,-1.085849385708570480e-02
-1.101750880479812622e-02,7.707054464844986796e-05,6.602670327993109822e-05,-3.684897907078266144e-03
7.557760924100875854e-03,4.244362935423851013e-05,1.089702855097129941e-04,7.896124385297298431e-03
3.772417083382606506e-03,9.271057206206023693e-05,6.152983405627310276e-05,-5.562647245824337006e-03
-3.634754568338394165e-03,1.030529238050803542e-04,4.750845982925966382e-05,-9.290592744946479797e-03
3.346221521496772766e-03,1.000337651930749416e-04,5.469895404530689120e-05,-7.505279034376144409e-03
5.105355754494667053e-03,9.848343324847519398e-05,5.721780325984582305e-05,-6.852605380117893219e-03
-7.973123341798782349e-03,8.571130456402897835e-05,6.024693357176147401e-05,-5.463915877044200897e-03
-4.168864339590072632e-03,2.975442112074233592e-05,1.127941213781014085e-04,9.459067136049270630e-03
-4.923429340124130249e-03,1.207183231599628925e-04,3.086313517997041345e-05,-1.401440892368555069e-02
1.246988587081432343e-02,1.349539961665868759e-04,2.929709444288164377e-05,-1.515485066920518875e-02
1.132011413574218750e-03,1.092424427042715251e-04,4.503057425608858466e-05,-1.019084732979536057e-02
-8.206270635128021240e-03,4.477899346966296434e-05,9.674646571511402726e-05,5.015934817492961884e-03
1.753661781549453735e-03,5.714725557481870055e-05,9.207439870806410909e-05,3.279865020886063576e-03
-5.645006895065307617e-04,9.246950503438711166e-05,5.895799768040888011e-05,-6.128083914518356323e-03
7.134042680263519287e-04,1.109971417463384569e-04,4.319039726397022605e-05,-1.070210244506597519e-02
-4.836156964302062988e-03,1.798421726562082767e-05,1.229038316523656249e-04,1.238574832677841187e-02
-1.361479982733726501e-02,5.566074833041056991e-05,8.352681470569223166e-05,1.438554376363754272e-03
-9.229078888893127441e-03,1.495489414082840085e-05,1.227924949489533901e-04,1.252838131040334702e-02
-3.455277532339096069e-03,4.388351953821256757e-05,1.006020902423188090e-04,5.933194421231746674e-03
-7.609367370605468750e-03,1.089537981897592545e-04,3.967023076256737113e-05,-1.138119120150804520e-02
8.634962141513824463e-04,3.940636088373139501e-05,1.073868043022230268e-04,7.707893848419189453e-03
1.033625006675720215e-02,6.253817264223471284e-05,9.276428318116813898e-05,3.136707004159688950e-03
2.961713820695877075e-03,1.066045369952917099e-04,4.856855593970976770e-05,-9.248620830476284027e-03
4.708731546998023987e-03,7.486659160349518061e-05,7.810856914147734642e-05,-8.439286611974239349e-04
2.050772309303283691e-04,9.739308734424412251e-05,5.504426371771842241e-05,-7.281395606696605682e-03
-6.687056273221969604e-03,5.636410787701606750e-05,8.735007577342912555e-05,2.260029315948486328e-03
-5.411274731159210205e-03,2.487559686414897442e-05,1.163638589787296951e-04,1.053248625248670578e-02
2.190969884395599365e-03,6.488619692390784621e-05,8.542631258023902774e-05,1.355357002466917038e-03
1.788608729839324951e-03,4.089506182936020195e-05,1.066485201590694487e-04,7.459341082721948624e-03
1.646086573600769043e-03,5.036949005443602800e-05,9.807383321458473802e-05,5.005192942917346954e-03
-5.178716033697128296e-03,4.946241824654862285e-05,9.449914068682119250e-05,4.250936210155487061e-03
1.149144209921360016e-02,2.655027492437511683e-05,1.257291442016139627e-04,1.254739984869956970e-02
-6.930768489837646484e-03,3.990494587924331427e-05,1.019303890643641353e-04,6.452354136854410172e-03
6.835393607616424561e-03,4.712279769591987133e-05,1.043163938447833061e-04,6.589772645384073257e-03
3.729362040758132935e-03,8.225543570006266236e-05,7.086334517225623131e-05,-2.883443608880043030e-03
-1.281655579805374146e-02,3.857936826534569263e-05,9.933399269357323647e-05,5.941424518823623657e-03
-6.994761526584625244e-03,5.498680184246040881e-05,8.838548092171549797e-05,2.569284057244658470e-03
-8.029710501432418823e-03,2.527636388549581170e-05,1.143219342338852584e-04,1.005077734589576721e-02
-2.124597132205963135e-02,5.550698915612883866e-05,7.875931623857468367e-05,3.741635009646415710e-04
-2.765074372291564941e-03,6.425842730095610023e-05,8.280274778371676803e-05,7.996847853064537048e-04
5.425721406936645508e-03,7.759389700368046761e-05,7.612750050611793995e-05,-1.440728548914194107e-03
-5.362924188375473022e-03,8.670091483509168029e-05,3.280820237705484033e-05,1.445598807185888290e-02
2.386361360549926758e-03,5.635179331875406206e-05,9.319331729784607887e-05,3.575706621631979942e-03
9.495528414845466614e-03,7.157502841437235475e-05,8.413258910877630115e-05,6.939521990716457367e-04
3.610257059335708618e-03,1.031985448207706213e-04,5.203503314987756312e-05,-8.279968053102493286e-03
-4.572141915559768677e-03,1.045101671479642391e-04,4.560116940410807729e-05,-9.800484403967857361e-03
-4.556354135274887085e-03,9.629335545469075441e-05,5.296836388879455626e-05,-7.687692530453205109e-03
2.103050425648689270e-02,8.118380355881527066e-05,8.294368308270350099e-05,-1.054969616234302521e-04
1.375652849674224854e-03,8.713169518159702420e-05,6.498438597191125154e-05,-4.476398229598999023e-03
4.152778536081314087e-03,1.097934655263088644e-04,4.647888999897986650e-05,-9.895412251353263855e-03
4.018843173980712891e-05,1.128602161770686507e-05,1.320355950156226754e-04,1.481158658862113953e-02
5.840042605996131897e-03,7.313129754038527608e-05,8.038947999011725187e-05,-2.345624379813671112e-04
3.244012594223022461e-03,5.177804632694460452e-05,9.783977293409407139e-05,4.874547943472862244e-03
4.336576908826828003e-03,1.297917624469846487e-04,2.869124728022143245e-05,-1.500544231384992599e-02
1.254641450941562653e-02,6.783838762203231454e-05,8.943930151872336864e-05,2.095043659210205078e-03
1.054109074175357819e-02,8.054435602389276028e-05,7.677383109694346786e-05,-1.458596903830766678e-03
-4.044473171234130859e-04,6.613686127820983529e-05,8.263822383014485240e-05,6.586806848645210266e-04
-3.584504127502441406e-03,6.259901419980451465e-05,8.376181358471512794e-05,1.107376068830490112e-03
-8.692439645528793335e-03,5.923959542997181416e-05,8.348643314093351364e-05,1.231363043189048767e-03
-4.310507327318191528e-03,9.109566599363461137e-05,5.778022386948578060e-05,-6.317087449133396149e-03
2.457812428474426270e-03,5.532645445782691240e-05,9.415729437023401260e-05,3.849401604384183884e-03
-1.127095893025398254e-02,5.239755773800425231e-05,8.795514440862461925e-05,2.615764038637280464e-03
9.869083762168884277e-03,6.130699330242350698e-05,9.356634836876764894e-05,3.385360119864344597e-03
4.372822120785713196e-03,4.949984577251598239e-05,1.006051752483472228e-04,5.622999276965856552e-03
1.333191990852355957e-03,8.986764441942796111e-06,1.349253871012479067e-04,1.558919530361890793e-02
1.038113236427307129e-02,8.701727347215637565e-05,7.087537960615009069e-05,-3.144322894513607025e-03
-1.745708286762237549e-03,5.697890082956291735e-05,8.997580880532041192e-05,2.816908527165651321e-03
-2.521190792322158813e-03,7.102456584107130766e-05,7.690134225413203239e-05,-9.029377251863479614e-04
2.047445625066757202e-03,5.949002297711558640e-05,9.016560943564400077e-05,2.720617689192295074e-03
1.291236467659473419e-02,5.285143561195582151e-05,1.030933271977119148e-04,5.997420288622379303e-03
9.651307016611099243e-03,8.923097630031406879e-05,6.842418224550783634e-05,-3.818492405116558075e-03
9.740032255649566650e-04,2.562994995969347656e-05,1.197927704197354615e-04,1.126239076256752014e-02
-2.149038016796112061e-03,9.224210953107103705e-05,5.814309042762033641e-05,-6.298887543380260468e-03
1.823280006647109985e-03,5.900440737605094910e-05,9.045632032211869955e-05,2.812922699376940727e-03
