version https://git-lfs.github.com/spec/v1
oid sha256:e9f96db95f59047f444efc6e3c9fa2e955febf84730385d1e686614787130272
size 101204
