-3.384187817573547363e-01,-1.663665473461151123e-01,2.467187404632568359e+00,-1.291554808616638184e+00
-3.186886548995971680e+00,-1.119185090065002441e+00,4.284255504608154297e+00,1.556975603103637695e+00
1.005470007658004761e-02,-8.836354017257690430e-01,8.759024143218994141e-01,1.253825724124908447e-01
5.021389722824096680e-01,-8.191583156585693359e-01,2.316270351409912109e+00,4.734605550765991211e-01
-9.832250475883483887e-01,-1.166634440422058105e+00,2.995986938476562500e+00,1.945913434028625488e-01
-1.928694248199462891e-01,-1.975564509630203247e-01,2.214546203613281250e+00,-4.938258826732635498e-01
-8.028283119201660156e-01,-1.163457408547401428e-01,1.835221409797668457e+00,-8.248846530914306641e-01
2.744762420654296875e+00,2.062755107879638672e+00,4.123693943023681641e+00,1.218973040580749512e+00
2.893887460231781006e-01,-6.852597594261169434e-01,1.655170917510986328e+00,-5.166937112808227539e-01
1.135263085365295410e+00,-1.251190155744552612e-01,3.104068756103515625e+00,9.126228094100952148e-01
-4.456149935722351074e-01,2.742512524127960205e-01,1.453165173530578613e+00,-1.112800478935241699e+00
-1.052684903144836426e+00,-1.080678462982177734e+00,3.100050926208496094e+00,5.322572588920593262e-02
-1.471388578414916992e+00,-1.023693442344665527e+00,1.558463811874389648e+00,1.002033948898315430e+00
-3.757375478744506836e-01,-9.630637764930725098e-01,1.610065937042236328e+00,-1.231844127178192139e-01
1.047621369361877441e+00,7.392801642417907715e-01,2.408695220947265625e+00,7.843681573867797852e-01
1.937244832515716553e-02,-8.900151252746582031e-01,3.050673961639404297e+00,-2.814776599407196045e-01
5.237703919410705566e-01,-2.823521792888641357e-01,3.028720378875732422e+00,2.000858485698699951e-01
-1.051164746284484863e+00,-4.071339964866638184e-01,3.204131603240966797e+00,9.210829734802246094e-01
-5.652397274971008301e-01,-1.755134910345077515e-01,1.297821998596191406e+00,-7.007108926773071289e-01
-5.961408019065856934e-01,-3.453462421894073486e-01,3.235589504241943359e+00,-2.204826772212982178e-01
-1.193243861198425293e+00,-9.530366063117980957e-01,3.459076404571533203e+00,7.038533687591552734e-02
-3.766479194164276123e-01,-4.935129284858703613e-01,1.458649039268493652e+00,-6.057825088500976562e-01
1.421077013015747070e+00,3.973346948623657227e-01,2.931761264801025391e+00,8.571464419364929199e-01
-1.562210083007812500e+00,-1.162001967430114746e+00,4.197955131530761719e+00,1.102128624916076660e+00
-1.172482013702392578e+00,-7.188698649406433105e-01,2.164050102233886719e+00,-2.171158492565155029e-01
-6.943562626838684082e-01,6.249930709600448608e-02,1.369254946708679199e+00,-6.892893314361572266e-01
-1.390764594078063965e+00,2.887875959277153015e-02,2.501305103302001953e+00,6.065747141838073730e-01
-9.300692677497863770e-01,-8.961567282676696777e-01,2.005615711212158203e+00,-5.528726577758789062e-01
-3.487860411405563354e-02,-1.416640758514404297e+00,2.734633922576904297e+00,-1.275759041309356689e-01
-2.635968625545501709e-01,-1.914215564727783203e+00,2.478890419006347656e+00,5.255331397056579590e-01
-2.291828393936157227e-01,-1.428279131650924683e-01,1.886675357818603516e+00,-4.057489335536956787e-01
-1.373600006103515625e+00,3.974162936210632324e-01,2.467754840850830078e+00,-1.976924240589141846e-01
-2.243174314498901367e+00,-6.854407191276550293e-01,2.576488018035888672e+00,1.156805276870727539e+00
-7.353206872940063477e-01,-1.147382035851478577e-01,1.746929287910461426e+00,-2.737386524677276611e-01
-1.621432781219482422e+00,-1.303618550300598145e+00,3.068666934967041016e+00,1.392094969749450684e+00
6.304193973541259766e+00,-3.733252525329589844e+00,-1.740794777870178223e+00,4.056180953979492188e+00
4.555381834506988525e-03,-1.261565327644348145e+00,2.368349552154541016e+00,-7.017823457717895508e-01
1.490318477153778076e-01,-7.325683832168579102e-01,1.577489376068115234e+00,-1.387273669242858887e+00
-7.489140629768371582e-01,-9.439161419868469238e-02,2.280013561248779297e+00,-9.805924892425537109e-01
7.488930821418762207e-01,-1.901314020156860352e+00,3.588171303272247314e-01,1.244903802871704102e+00
-1.856924891471862793e+00,-1.251460790634155273e+00,3.741861343383789062e+00,2.259313106536865234e+00
-5.318347811698913574e-01,-2.948974668979644775e-01,2.562968254089355469e+00,-5.512357950210571289e-01
6.117046475410461426e-01,-1.066285490989685059e+00,1.867629647254943848e+00,-7.717792987823486328e-01
-9.751722216606140137e-02,-4.819214046001434326e-01,2.158632278442382812e+00,-1.464420795440673828e+00
-1.131929993629455566e+00,6.473731398582458496e-01,3.090545535087585449e-01,-8.980251550674438477e-01
1.953861117362976074e+00,1.966294050216674805e+00,2.496680259704589844e+00,1.313244104385375977e-01
-7.294464111328125000e-01,-2.395158857107162476e-01,2.070887565612792969e+00,-4.942523539066314697e-01
-3.949951529502868652e-01,-6.671001911163330078e-01,2.427661895751953125e+00,-2.103370130062103271e-01
-1.150961160659790039e+00,8.846942782402038574e-01,2.137505054473876953e+00,-3.203689157962799072e-01
-3.478940427303314209e-01,-3.770929947495460510e-02,8.803126215934753418e-01,-9.872410297393798828e-01
-1.698731184005737305e+00,-6.784468293190002441e-01,3.114910602569580078e+00,4.257050156593322754e-01
-1.653839051723480225e-01,-6.037672162055969238e-01,1.968259096145629883e+00,-6.219336986541748047e-01
-9.717694520950317383e-01,-8.828333020210266113e-01,3.097098350524902344e+00,4.926765561103820801e-01
-1.321952939033508301e+00,-1.175661802291870117e+00,3.160388946533203125e+00,1.439750671386718750e+00
-1.754194736480712891e+00,-1.336011052131652832e+00,3.436341285705566406e+00,1.929693937301635742e+00
-3.843927755951881409e-02,-2.612398862838745117e-01,1.537050843238830566e+00,-5.297663211822509766e-01
4.827211380004882812e+00,3.991128444671630859e+00,6.055880546569824219e+00,5.226613998413085938e+00
-4.469223916530609131e-01,-8.191010951995849609e-01,1.422713994979858398e+00,-2.325143516063690186e-01
-7.450972199440002441e-01,3.236451148986816406e-01,1.245521783828735352e+00,-1.380958199501037598e+00
-1.124705433845520020e+00,-1.266052007675170898e+00,2.852533340454101562e+00,6.784939765930175781e-01
3.016152679920196533e-01,-3.213327825069427490e-01,4.970020651817321777e-01,-1.476195693016052246e+00
2.109994411468505859e+00,7.626647353172302246e-01,4.043342113494873047e+00,2.300668239593505859e+00
-2.152501344680786133e+00,-1.106022477149963379e+00,3.947131633758544922e+00,1.709125518798828125e+00
2.959477603435516357e-01,-5.599798560142517090e-01,2.196631669998168945e+00,-1.075398683547973633e+00
-1.600993275642395020e+00,-7.945090532302856445e-01,1.689917564392089844e+00,1.312276244163513184e+00
-9.402759671211242676e-01,-2.590632736682891846e-01,2.614967346191406250e+00,8.281666040420532227e-02
6.280958652496337891e-01,-1.760481834411621094e+00,-1.117188692092895508e+00,3.516052961349487305e-01
1.743223369121551514e-01,-4.076929986476898193e-01,1.459746122360229492e+00,-9.983973503112792969e-01
-2.555697441101074219e+00,-7.175557017326354980e-01,2.773304462432861328e+00,1.962584853172302246e+00
-5.663621425628662109e-01,-1.254881739616394043e+00,3.020819425582885742e-01,6.856465935707092285e-01
1.990756392478942871e-01,-1.869394540786743164e+00,3.227087020874023438e+00,1.114530265331268311e-01
-1.279169082641601562e+00,-7.610148787498474121e-01,2.310901880264282227e+00,-1.540067791938781738e-02
-1.653952002525329590e+00,-6.344152688980102539e-01,2.390408992767333984e+00,9.270139336585998535e-01
1.518961191177368164e+00,-2.780472993850708008e+00,1.143789529800415039e+00,9.646754264831542969e-01
5.472824096679687500e+00,-1.128181576728820801e+00,2.384452819824218750e+00,2.946882486343383789e+00
-2.494465351104736328e+00,-3.403210043907165527e-01,2.655447483062744141e+00,2.093478441238403320e+00
-6.475513428449630737e-02,-5.360189676284790039e-01,1.831213235855102539e+00,-1.220649957656860352e+00
-2.578550338745117188e+00,-7.303321361541748047e-01,3.731217384338378906e+00,2.463556766510009766e+00
-6.488705873489379883e-01,-9.801252484321594238e-01,2.091398715972900391e+00,2.224685400724411011e-01
-8.329667448997497559e-01,-1.810693591833114624e-01,2.484362602233886719e+00,-6.776535511016845703e-01
-1.637548208236694336e+00,-8.905792236328125000e-01,2.908940315246582031e+00,4.000820219516754150e-01
8.685668557882308960e-02,-1.222157239913940430e+00,2.056848287582397461e+00,7.517386674880981445e-01
-1.385633707046508789e+00,-8.378162980079650879e-01,3.297072410583496094e+00,7.168110013008117676e-01
1.989603340625762939e-01,-4.389235377311706543e-01,2.780349254608154297e-01,-2.613759934902191162e-01
8.085360378026962280e-02,-5.941977500915527344e-01,2.282989978790283203e+00,-5.121208429336547852e-01
-1.836961746215820312e+00,-3.701744675636291504e-01,2.926368713378906250e+00,2.426814883947372437e-01
-1.705021977424621582e+00,-3.905214369297027588e-01,3.102195739746093750e+00,9.030519723892211914e-01
-3.951035439968109131e-01,-5.820028185844421387e-01,1.507155299186706543e+00,2.136336863040924072e-01
5.670558214187622070e-01,-5.872672200202941895e-01,1.373621821403503418e+00,-1.279577732086181641e+00
-1.086289405822753906e+00,-5.143319368362426758e-01,1.785473823547363281e+00,3.311912715435028076e-01
1.049587607383728027e+00,1.705024957656860352e+00,5.935091495513916016e+00,2.884989738464355469e+00
-2.888239026069641113e-01,-1.750945448875427246e+00,2.129064559936523438e+00,1.958974599838256836e-01
-2.203335285186767578e+00,-1.017000317573547363e+00,2.232876062393188477e+00,1.888119816780090332e+00
-5.767100453376770020e-01,-1.443945884704589844e+00,2.761687755584716797e+00,5.216321349143981934e-01
1.155293732881546021e-02,-6.815944314002990723e-01,1.973080754280090332e+00,-3.411881625652313232e-01
6.182559132575988770e-01,-3.016351163387298584e-01,1.775712013244628906e+00,-2.613358020782470703e+00
-6.098746657371520996e-01,-5.388581752777099609e-01,3.150191307067871094e-01,-7.407118082046508789e-01
2.703176736831665039e+00,7.726950645446777344e-01,4.218748569488525391e+00,1.563005089759826660e+00
-7.352582812309265137e-01,9.716613888740539551e-01,-1.804121732711791992e-01,-1.818285346031188965e+00
-1.091072916984558105e+00,-4.857406616210937500e-01,1.580187201499938965e+00,-1.319039762020111084e-01
4.682686805725097656e+00,3.458437204360961914e+00,4.922211647033691406e+00,2.169789552688598633e+00
1.608502864837646484e-01,-5.622072219848632812e-01,2.693999767303466797e+00,-1.733145356178283691e+00
-3.174604475498199463e-01,7.330414652824401855e-02,1.773792862892150879e+00,-1.643149971961975098e+00
1.392549037933349609e+00,7.050662636756896973e-01,3.737073898315429688e+00,-1.986397802829742432e-01
-5.146078765392303467e-03,-1.358994245529174805e+00,2.013565540313720703e+00,-3.151724636554718018e-01
5.785911679267883301e-01,1.300167918205261230e+00,5.683954238891601562e+00,2.798197746276855469e+00
-1.624588012695312500e+00,-1.511155486106872559e+00,3.422103404998779297e+00,1.664604902267456055e+00
-2.709335327148437500e+00,7.366164922714233398e-01,2.284646987915039062e+00,9.553394913673400879e-01
-5.456507802009582520e-01,-6.325243115425109863e-01,1.451500296592712402e+00,-9.515181183815002441e-02
-4.362046420574188232e-01,-1.486701488494873047e+00,3.289195537567138672e+00,4.297027289867401123e-01
-1.454704165458679199e+00,-1.385822892189025879e+00,3.530677318572998047e+00,1.048336029052734375e+00
-5.087912827730178833e-02,-9.737551212310791016e-01,2.433404922485351562e+00,-3.144840300083160400e-01
-1.803464412689208984e+00,7.487854957580566406e-01,-2.269774675369262695e-01,-1.909274756908416748e-01
5.492732524871826172e+00,-2.680238962173461914e+00,3.004086971282958984e+00,3.177902698516845703e+00
-6.342815160751342773e-01,-7.845147252082824707e-01,1.466084241867065430e+00,-3.817242085933685303e-01
-2.544306814670562744e-01,-1.391323685646057129e+00,3.466529369354248047e+00,-3.059300482273101807e-01
3.254716396331787109e+00,2.015644788742065430e+00,2.940237522125244141e+00,-4.681019484996795654e-01
-7.099315524101257324e-01,-2.827209234237670898e-01,1.870486855506896973e+00,3.507890105247497559e-01
-1.714181303977966309e+00,-1.121150612831115723e+00,2.624295711517333984e+00,1.072404742240905762e+00
1.920758187770843506e-01,5.461469888687133789e-01,2.200086116790771484e+00,6.531763076782226562e-02
-4.612855613231658936e-01,-8.236573338508605957e-01,1.634726285934448242e+00,1.256783306598663330e-01
-1.640371561050415039e+00,-8.980935811996459961e-01,3.381701946258544922e+00,1.457443237304687500e+00
-7.684924006462097168e-01,-1.215399742126464844e+00,2.219891786575317383e+00,2.310007810592651367e-02
-1.612494826316833496e+00,-5.364101529121398926e-01,1.700313687324523926e+00,6.910464167594909668e-01
-9.982212185859680176e-01,6.871902346611022949e-01,5.683734416961669922e-01,-1.108719229698181152e+00
-5.345773696899414062e-01,-4.444603323936462402e-01,3.014195442199707031e+00,1.821031570434570312e-01
2.042947113513946533e-01,-7.249416708946228027e-01,2.182626724243164062e+00,-3.216451108455657959e-01
-2.145647108554840088e-01,-9.527602195739746094e-01,1.719235658645629883e+00,1.071371734142303467e-01
-1.133370876312255859e+00,-5.840861797332763672e-01,1.761329650878906250e+00,5.336529016494750977e-02
-1.704317927360534668e-01,-8.785406351089477539e-01,2.584817409515380859e+00,-7.554329633712768555e-01
-8.472031354904174805e-01,-9.286989569664001465e-01,1.244387149810791016e+00,4.118054509162902832e-01
1.653783917427062988e+00,7.494004964828491211e-01,3.604094982147216797e+00,7.320555448532104492e-01
-1.127589106559753418e+00,-7.271693348884582520e-01,1.587259173393249512e+00,-1.125814020633697510e-01
-1.527306079864501953e+00,-5.268244147300720215e-01,2.062510490417480469e+00,3.170097172260284424e-01
3.048960447311401367e+00,1.794920206069946289e+00,3.048329830169677734e+00,1.246314167976379395e+00
-2.361401319503784180e+00,4.863483309745788574e-01,1.433225750923156738e+00,9.789893627166748047e-01
-5.544837713241577148e-01,-2.342335134744644165e-02,1.869074583053588867e+00,-3.178513348102569580e-01
-3.673813343048095703e-01,-3.032392859458923340e-01,1.931956410408020020e+00,-6.870417594909667969e-01
-3.094324469566345215e-01,-6.761094927787780762e-01,2.394663810729980469e+00,-2.003098428249359131e-01
8.282513171434402466e-02,-6.783651113510131836e-01,1.744439959526062012e+00,-2.763291299343109131e-01
-4.429605305194854736e-01,-8.195077776908874512e-01,1.843645215034484863e+00,2.003275752067565918e-01
1.440486550331115723e+00,-1.993492007255554199e+00,2.025626897811889648e-01,2.391737699508666992e+00
2.549170255661010742e+00,-2.027850970625877380e-02,2.578586101531982422e+00,5.773493051528930664e-01
1.662873327732086182e-01,-1.242433264851570129e-01,2.532036781311035156e+00,-2.230541706085205078e+00
-5.700567960739135742e-01,-1.660718023777008057e-01,2.013737678527832031e+00,-8.814004659652709961e-01
-1.249296545982360840e+00,-5.523272156715393066e-01,2.626569271087646484e+00,7.565256357192993164e-01
-1.579208672046661377e-01,-7.391801476478576660e-01,1.281489133834838867e+00,-4.634030163288116455e-01
-2.360840559005737305e+00,-3.540301024913787842e-01,3.606407642364501953e+00,7.655442357063293457e-01
4.852581501007080078e+00,2.807206869125366211e+00,5.696632862091064453e+00,2.249128103256225586e+00
-1.687607765197753906e+00,-6.583531498908996582e-01,2.077905893325805664e+00,6.396037936210632324e-01
-7.409868836402893066e-01,-3.204597532749176025e-01,2.664558410644531250e+00,-8.154472112655639648e-01
-7.572718262672424316e-01,1.161266118288040161e-01,1.119004964828491211e+00,-6.996800899505615234e-01
-1.015166997909545898e+00,1.797432750463485718e-01,2.025583267211914062e+00,-5.680023431777954102e-01
-1.257768422365188599e-01,-6.536777019500732422e-01,1.657052874565124512e+00,-8.384807109832763672e-01
3.618566095829010010e-01,-1.755868673324584961e+00,3.001544475555419922e+00,6.217573285102844238e-01
-2.858510732650756836e+00,-1.142548680305480957e+00,3.566502094268798828e+00,2.370986461639404297e+00
3.238349556922912598e-01,-5.547804832458496094e-01,3.007360458374023438e+00,-8.196687698364257812e-01
-9.089168906211853027e-01,9.831504821777343750e-01,2.714574337005615234e-02,-1.166063189506530762e+00
1.268677353858947754e+00,-3.150771856307983398e+00,5.339037418365478516e+00,-8.242883682250976562e-01
-1.864355087280273438e+00,-4.498063921928405762e-01,2.203085899353027344e+00,1.068429589271545410e+00
3.142964839935302734e-02,-4.339911937713623047e-01,1.176363468170166016e+00,-1.000792264938354492e+00
-3.884872198104858398e-01,-6.829044818878173828e-01,2.038048028945922852e+00,-7.633310556411743164e-01
4.383167743682861328e+00,3.376345396041870117e+00,5.132036685943603516e+00,2.623754978179931641e+00
-1.412179112434387207e+00,-2.197412997484207153e-01,4.582443714141845703e+00,1.878643393516540527e+00
-8.953335881233215332e-02,-6.573818922042846680e-01,1.845229148864746094e+00,-1.183316469192504883e+00
7.515736818313598633e-01,-1.893887400627136230e+00,-1.085491538047790527e+00,1.474698424339294434e+00
2.592574656009674072e-01,-1.032624959945678711e+00,2.350943565368652344e+00,-5.455605983734130859e-01
4.579759240150451660e-01,-5.955751538276672363e-01,3.515214443206787109e+00,2.384970635175704956e-01
6.218521595001220703e-01,3.478873968124389648e-01,2.539861679077148438e+00,-1.487170755863189697e-01
1.045087456703186035e+00,-5.928350090980529785e-01,1.419079899787902832e+00,1.026364922523498535e+00
-1.479600310325622559e+00,1.721539050340652466e-01,2.557327270507812500e+00,1.921975016593933105e-01
-9.941853284835815430e-01,-1.043693304061889648e+00,2.510214805603027344e+00,2.175489664077758789e-01
-6.288172602653503418e-01,1.191849708557128906e-01,2.211872786283493042e-01,-1.456341505050659180e+00
-5.769505500793457031e-01,-1.214939594268798828e+00,1.206191301345825195e+00,-2.237048447132110596e-01
-6.760542988777160645e-01,7.822620123624801636e-02,1.329665184020996094e+00,-9.919816255569458008e-01
-7.220802903175354004e-01,-3.532159328460693359e-01,2.592796325683593750e+00,-1.055221438407897949e+00
-1.492866516113281250e+00,-6.324961185455322266e-01,4.164503097534179688e+00,8.874167203903198242e-01
-2.081214189529418945e-01,-2.126025408506393433e-01,1.564350724220275879e+00,-1.147244691848754883e+00
-2.366718530654907227e+00,1.688604593276977539e+00,-1.044626712799072266e+00,-4.053870141506195068e-01
-5.271517038345336914e-01,-1.298624753952026367e+00,2.452958106994628906e+00,4.628503322601318359e-02
1.229413866996765137e+00,4.547075331211090088e-01,2.345150947570800781e+00,5.404802560806274414e-01
-4.421801567077636719e-01,3.514157235622406006e-02,2.829656600952148438e+00,-7.657122611999511719e-01
6.693252176046371460e-02,-9.695799946784973145e-01,-2.803573012351989746e-02,-5.717842578887939453e-01
3.561263084411621094e+00,3.388124465942382812e+00,4.421238422393798828e+00,1.245064973831176758e+00
-1.839497804641723633e+00,-1.923660635948181152e+00,4.629417896270751953e+00,2.622353792190551758e+00
7.259464859962463379e-01,5.420793890953063965e-01,2.781361579895019531e+00,1.106211185455322266e+00
-1.260000228881835938e+00,-4.561971127986907959e-01,2.410263061523437500e+00,-9.262460470199584961e-01
-1.584657192230224609e+00,-1.038647174835205078e+00,2.685973644256591797e+00,8.705101013183593750e-01
-8.855982422828674316e-01,-7.254814505577087402e-01,1.629096865653991699e+00,-3.773950636386871338e-01
-7.257253527641296387e-01,-8.969819545745849609e-01,3.173511981964111328e+00,1.947457492351531982e-01
-2.898816168308258057e-01,-7.167784571647644043e-01,2.075745105743408203e+00,1.836968660354614258e-01
-1.619331538677215576e-01,-1.353470563888549805e+00,2.793173789978027344e+00,-6.671174764633178711e-01
4.045716673135757446e-02,1.685951799154281616e-01,2.256020784378051758e+00,-3.645539283752441406e-03
-1.758808374404907227e+00,-7.304254770278930664e-01,3.069969654083251953e+00,1.176562666893005371e+00
-1.471938610076904297e+00,-1.282504916191101074e+00,3.439020633697509766e+00,1.138195753097534180e+00
-5.760896205902099609e-01,-8.830366730690002441e-01,1.600025892257690430e+00,1.268385350704193115e-01
2.276106595993041992e+00,8.907780647277832031e-01,4.367989540100097656e+00,8.840251564979553223e-01
-2.088980674743652344e+00,-8.094563484191894531e-01,4.757857322692871094e+00,2.031868934631347656e+00
-1.237340942025184631e-01,-5.440080165863037109e-01,2.198217630386352539e+00,-1.397306561470031738e+00
-3.633073568344116211e-01,-1.547596931457519531e+00,2.179754734039306641e+00,-5.899884700775146484e-01
-2.754859685897827148e+00,-6.685672402381896973e-01,3.589579105377197266e+00,2.063000679016113281e+00
-5.830225348472595215e-01,-1.320255994796752930e+00,2.097381591796875000e+00,-3.371098935604095459e-01
-9.030333161354064941e-01,-1.370338052511215210e-01,4.073197364807128906e+00,3.098450660705566406e+00
-9.305044412612915039e-01,-9.936268925666809082e-01,1.577191829681396484e+00,-4.906426966190338135e-01
-8.665930032730102539e-01,-5.831463932991027832e-01,1.956699609756469727e+00,4.406687021255493164e-01
-1.595339179039001465e-01,-1.444808542728424072e-01,2.380517482757568359e+00,-1.099994897842407227e+00
2.964030742645263672e+00,1.872622013092041016e+00,4.726787567138671875e+00,1.182796478271484375e+00
1.148883581161499023e+00,8.262397646903991699e-01,3.088528156280517578e+00,2.908738851547241211e-01
-1.766403079032897949e+00,-7.761454582214355469e-01,3.325005054473876953e+00,9.635432958602905273e-01
-4.229242801666259766e+00,1.091931343078613281e+00,6.072392463684082031e-01,1.514341115951538086e+00
2.043993473052978516e+00,1.141306281089782715e+00,3.146160125732421875e+00,1.233049869537353516e+00
-2.101933479309082031e+00,3.957478106021881104e-01,1.759088516235351562e+00,1.432572245597839355e+00
-1.015257716178894043e+00,2.030158787965774536e-01,2.228173255920410156e+00,-7.445807456970214844e-01
4.398938417434692383e-01,-1.761366009712219238e+00,2.277242422103881836e+00,1.695444107055664062e+00
-1.997265100479125977e+00,-4.072400033473968506e-01,2.663852214813232422e+00,2.017579972743988037e-01
5.090834945440292358e-02,-4.792640805244445801e-01,2.188365459442138672e+00,-9.788745641708374023e-01
-5.631712675094604492e-01,-1.341778278350830078e+00,2.416497230529785156e+00,4.831642210483551025e-01
3.365823268890380859e+00,7.648309469223022461e-01,2.833540916442871094e+00,2.181939840316772461e+00
-9.478551149368286133e-02,8.289632946252822876e-02,1.515398502349853516e+00,-1.713972210884094238e+00
2.276144027709960938e+00,-1.463419198989868164e+00,6.559717655181884766e-01,1.939167380332946777e+00
-2.395712435245513916e-01,-8.428216576576232910e-01,2.170959949493408203e+00,-1.449773609638214111e-01
-5.110073089599609375e-01,1.250428259372711182e-01,2.506589889526367188e+00,-4.111439287662506104e-01
-1.306986689567565918e+00,-1.700290679931640625e+00,2.795661926269531250e+00,2.328644037246704102e+00
4.120358824729919434e-01,-4.004328250885009766e-01,1.930242300033569336e+00,-5.227705836296081543e-02
-2.226097285747528076e-01,-1.307455778121948242e+00,2.650702953338623047e+00,-6.425851583480834961e-01
-2.382912397384643555e+00,-7.099252939224243164e-01,3.145637989044189453e+00,1.386088132858276367e+00
-5.345907807350158691e-01,1.996010839939117432e-01,1.711935758590698242e+00,-1.084411025047302246e+00
-4.760700166225433350e-01,-1.495166420936584473e+00,3.294599533081054688e+00,-3.923966586589813232e-01
-2.127522706985473633e+00,-1.004119068384170532e-01,5.458155632019042969e+00,3.545816898345947266e+00
-2.713855504989624023e-01,-1.157696962356567383e+00,2.628615856170654297e+00,-3.272627294063568115e-01
-6.235071420669555664e-01,-1.021081209182739258e+00,2.759312152862548828e+00,2.143378257751464844e-01
-2.185634970664978027e-01,-7.825641036033630371e-01,1.320964813232421875e+00,-7.330497503280639648e-01
-2.575615644454956055e+00,-1.254847049713134766e+00,4.047063350677490234e+00,2.313287496566772461e+00
-5.183812975883483887e-01,-1.131545066833496094e+00,1.699942231178283691e+00,-6.295640468597412109e-01
2.774231135845184326e-01,-7.867518067359924316e-01,1.970585942268371582e+00,-1.525826096534729004e+00
-1.044177412986755371e+00,-1.045720100402832031e+00,2.500722408294677734e+00,5.639265775680541992e-01
-5.566697120666503906e-01,2.061245031654834747e-03,9.972336888313293457e-01,-7.502293586730957031e-01
6.201484203338623047e+00,4.118181705474853516e+00,4.609892845153808594e+00,2.487940788269042969e+00
5.507031679153442383e-01,-1.996354699134826660e+00,7.365131378173828125e-01,3.513589799404144287e-01
-7.059782743453979492e-02,-6.075239777565002441e-01,2.402251243591308594e+00,6.253296136856079102e-02
-1.086675405502319336e+00,8.359667658805847168e-02,2.027712106704711914e+00,-4.988689720630645752e-01
-1.061858415603637695e+00,-5.739248394966125488e-01,3.120596885681152344e+00,3.516968488693237305e-01
1.793245673179626465e+00,7.069393396377563477e-01,4.212216377258300781e+00,7.774066329002380371e-01
-1.671541690826416016e+00,-1.347828149795532227e+00,2.620041370391845703e+00,1.841846942901611328e+00
-2.104506641626358032e-01,-4.318505823612213135e-01,2.137233734130859375e+00,-1.099084496498107910e+00
-6.697719097137451172e-01,3.195810019969940186e-01,1.204045295715332031e+00,-4.121771752834320068e-01
2.423324108123779297e+00,1.353759527206420898e+00,2.994620800018310547e+00,6.511196494102478027e-01
1.139475464820861816e+00,1.387004494667053223e+00,3.979371070861816406e+00,1.839781641960144043e+00
-2.094434499740600586e-01,-2.198398858308792114e-01,1.645960927009582520e+00,-1.272930622100830078e+00
-1.283000588417053223e+00,-7.815561294555664062e-01,3.376602172851562500e+00,-2.125248014926910400e-01
-3.221830129623413086e+00,-1.136864662170410156e+00,4.191280841827392578e+00,2.229859828948974609e+00
-1.096718192100524902e+00,-1.006653070449829102e+00,3.259037494659423828e+00,1.165782809257507324e-01
1.097180724143981934e+00,-6.476522088050842285e-01,2.595552444458007812e+00,-5.172110795974731445e-01
1.743339896202087402e-01,-1.436202287673950195e+00,3.489651203155517578e+00,-7.883639335632324219e-01
-1.364609479904174805e+00,-1.547878235578536987e-01,2.790338039398193359e+00,2.299689799547195435e-01
1.907993912696838379e+00,4.139353632926940918e-01,3.123505592346191406e+00,3.622673451900482178e-01
2.849131822586059570e-02,-8.161928653717041016e-01,2.104001045227050781e+00,-8.140339851379394531e-01
-2.029085159301757812e-01,-7.893868684768676758e-01,1.615802764892578125e+00,-1.099840044975280762e+00
-2.187995195388793945e+00,-6.421172618865966797e-01,5.025959968566894531e+00,1.815247893333435059e+00
-5.695394277572631836e-01,-1.182701587677001953e+00,2.207833290100097656e+00,-2.489279210567474365e-01
5.832299590110778809e-01,5.366271734237670898e-01,2.882634162902832031e+00,2.430174499750137329e-01
-1.340194106101989746e+00,1.619502156972885132e-01,1.217730402946472168e+00,-1.182153701782226562e+00
-2.634598612785339355e-01,5.482906103134155273e-01,1.202942132949829102e+00,-1.466898679733276367e+00
-1.508614182472229004e+00,-1.402871489524841309e+00,1.614730715751647949e+00,1.304156899452209473e+00
-5.152619481086730957e-01,-3.093813061714172363e-01,1.333407163619995117e+00,-4.574274122714996338e-01
-3.712319135665893555e-01,-1.819477200508117676e+00,2.172239542007446289e+00,-9.243211150169372559e-02
-5.042795538902282715e-01,-2.060691118240356445e+00,3.461508274078369141e+00,1.486789822578430176e+00
-1.985362529754638672e+00,-7.532819509506225586e-01,2.457314968109130859e+00,1.840829968452453613e+00
-4.054699838161468506e-01,-8.002828359603881836e-01,1.955779194831848145e+00,-8.731142282485961914e-01
-1.076555371284484863e+00,-1.076651930809020996e+00,3.283067226409912109e+00,1.146262526512145996e+00
-6.534951329231262207e-01,-2.128357887268066406e+00,3.403508186340332031e+00,1.349012255668640137e+00
1.166435599327087402e+00,5.617371201515197754e-01,3.426322937011718750e+00,1.284826636314392090e+00
-6.424945592880249023e-01,9.190644025802612305e-01,2.225150346755981445e+00,-2.066489458084106445e+00
-9.575434923171997070e-01,-1.680084168910980225e-01,2.414102077484130859e+00,-8.000334501266479492e-01
3.711926698684692383e+00,5.604805946350097656e-01,1.663174033164978027e+00,3.739496946334838867e+00
-5.468152761459350586e-01,-4.541022181510925293e-01,1.090415954589843750e+00,-6.644210815429687500e-01
-1.211459875106811523e+00,-9.792316555976867676e-01,2.289577007293701172e+00,1.269317507743835449e+00
-1.040429234504699707e+00,-1.187340691685676575e-01,2.136749267578125000e+00,-1.423802077770233154e-01
-3.990957736968994141e-01,8.012720942497253418e-01,1.523383736610412598e+00,-1.158798456192016602e+00
-8.283870220184326172e-01,-1.292039871215820312e+00,2.547897815704345703e+00,1.227923631668090820e+00
2.867343902587890625e+00,2.014788389205932617e+00,3.461516857147216797e+00,1.844697833061218262e+00
-8.518619537353515625e-01,-3.798725306987762451e-01,2.191498041152954102e+00,-7.389408349990844727e-01
-2.162420749664306641e-01,-5.946636199951171875e-01,1.680322408676147461e+00,-4.563638269901275635e-01
-2.600804328918457031e+00,-7.040241956710815430e-01,3.859099388122558594e+00,2.264172077178955078e+00
-1.758066058158874512e+00,-2.551114857196807861e-01,3.751916885375976562e+00,1.372060179710388184e+00
-1.624535202980041504e+00,-3.222131729125976562e-01,2.739872932434082031e+00,4.142411947250366211e-01
-3.617934584617614746e-01,-1.073940396308898926e+00,1.748001933097839355e+00,-3.071238696575164795e-01
3.540588855743408203e+00,3.081941127777099609e+00,4.160887241363525391e+00,2.934545516967773438e+00
-1.251070022583007812e+00,9.126421809196472168e-02,2.373579025268554688e+00,-1.095446825027465820e+00
-2.097247123718261719e+00,-1.225152373313903809e+00,2.819414138793945312e+00,7.241480350494384766e-01
-1.257407069206237793e+00,-7.083013057708740234e-01,3.674870491027832031e+00,9.455109834671020508e-01
8.691270828247070312e+00,5.528551578521728516e+00,7.006105422973632812e+00,4.074306964874267578e+00
3.514843463897705078e+00,1.665759801864624023e+00,4.228019714355468750e+00,1.127221703529357910e+00
-2.848576903343200684e-01,-3.218562155961990356e-02,1.934160470962524414e+00,-1.194424748420715332e+00
-1.488225609064102173e-01,4.378345310688018799e-01,1.212445139884948730e+00,-7.110764980316162109e-01
-2.542101383209228516e+00,-1.996082425117492676e+00,3.964930534362792969e+00,2.678584814071655273e+00
1.831407248973846436e-01,2.098236382007598877e-01,2.382423400878906250e+00,-1.345945239067077637e+00
-6.405282020568847656e-01,-1.128411650657653809e+00,3.708397865295410156e+00,-3.634757697582244873e-01
1.799565792083740234e+00,-3.108269453048706055e+00,-7.856509685516357422e-01,1.099159836769104004e+00
4.634612202644348145e-01,-2.630274534225463867e+00,2.179319381713867188e+00,1.449737787246704102e+00
-4.636887460947036743e-02,-6.258445382118225098e-01,1.640448808670043945e+00,-9.502207040786743164e-01
3.273473739624023438e+00,1.961814165115356445e+00,3.814407825469970703e+00,3.960815072059631348e-01
-1.748668551445007324e+00,-7.965267300605773926e-01,3.452041625976562500e+00,6.797536611557006836e-01
-3.305812776088714600e-01,-5.467256307601928711e-01,1.951670765876770020e+00,-1.180466294288635254e+00
1.050433635711669922e+00,-1.793417334556579590e+00,5.649764060974121094e+00,-2.441209793090820312e+00
-5.591298937797546387e-01,-1.776626586914062500e+00,3.001233577728271484e+00,1.696229279041290283e-01
-1.175490468740463257e-01,-6.618071198463439941e-01,1.838959097862243652e+00,-1.264125943183898926e+00
6.331526756286621094e+00,3.392367362976074219e+00,6.793362617492675781e+00,4.231877803802490234e+00
-2.233107328414916992e+00,6.968076825141906738e-01,7.517045736312866211e-01,-6.841266155242919922e-01
-7.289831638336181641e-01,-1.085426807403564453e+00,9.533151388168334961e-01,5.123037099838256836e-01
-7.786592841148376465e-01,-1.004719495773315430e+00,1.599278092384338379e+00,6.836584210395812988e-02
-1.116517186164855957e+00,1.499945819377899170e-01,1.017348766326904297e+00,-3.741281330585479736e-01
-6.050615906715393066e-01,-1.099784076213836670e-01,2.162815093994140625e+00,-6.840689182281494141e-01
-1.883728206157684326e-01,-3.466208577156066895e-01,1.708574414253234863e+00,-1.358127295970916748e-01
3.064320683479309082e-01,-9.941075444221496582e-01,2.173151969909667969e+00,-2.572875916957855225e-01
-1.375288605690002441e+00,-1.209467291831970215e+00,1.939853072166442871e+00,1.207633614540100098e+00
-1.225397884845733643e-01,-7.095848321914672852e-01,5.193389654159545898e-01,-8.826428651809692383e-01
2.034831523895263672e+00,1.033468604087829590e+00,2.790689468383789062e+00,-1.528501152992248535e+00
-3.051246404647827148e-01,-6.952846646308898926e-01,1.843179702758789062e+00,-1.492760777473449707e+00
3.919150531291961670e-01,8.259011805057525635e-02,1.676721692085266113e+00,-1.169520378112792969e+00
-2.211562991142272949e-01,-7.444221377372741699e-01,2.318378448486328125e+00,-2.662479579448699951e-01
2.025561571121215820e+00,-2.423015981912612915e-01,3.659716129302978516e+00,1.534548401832580566e+00
-5.177100896835327148e-01,-5.106422901153564453e-01,1.092169046401977539e+00,-8.752558231353759766e-01
4.884855270385742188e+00,4.000560283660888672e+00,4.983408451080322266e+00,2.917024850845336914e+00
-1.034927606582641602e+00,-5.857192873954772949e-01,2.519044399261474609e+00,3.265385031700134277e-01
-2.788487076759338379e-01,-1.058529019355773926e+00,1.178871393203735352e+00,-8.077441453933715820e-01
-2.172516822814941406e+00,-4.083620607852935791e-01,3.296924114227294922e+00,1.466742515563964844e+00
-1.117318749427795410e+00,2.933278977870941162e-01,2.374843120574951172e+00,-1.194471478462219238e+00
-3.047876060009002686e-01,-1.383882641792297363e+00,2.004662513732910156e+00,4.254420101642608643e-01
-2.493518114089965820e+00,-1.212924003601074219e+00,2.963012695312500000e+00,2.437868595123291016e+00
1.154299736022949219e+00,-2.284750699996948242e+00,6.257606029510498047e+00,-3.400124073028564453e+00
-1.197326332330703735e-01,-3.722226619720458984e-01,2.283818244934082031e+00,-9.816157817840576172e-01
4.112523794174194336e-01,-1.696831285953521729e-01,4.235505104064941406e+00,2.081902503967285156e+00
-7.574559450149536133e-01,-1.029676079750061035e+00,2.398442745208740234e+00,-8.854594826698303223e-02
-1.281088232994079590e+00,-5.382291078567504883e-01,3.268308162689208984e+00,7.935791015625000000e-01
-5.850474238395690918e-01,6.356903165578842163e-02,1.556428670883178711e+00,-1.245460391044616699e+00
-5.097696185111999512e-01,-1.246899142861366272e-01,2.040791988372802734e+00,-8.368811607360839844e-01
-1.147929668426513672e+00,-1.386945009231567383e+00,3.371798515319824219e+00,1.206534028053283691e+00
-4.322423040866851807e-01,-1.584411114454269409e-01,2.187961578369140625e+00,-6.183892488479614258e-01
-1.374197483062744141e+00,-6.081046462059020996e-01,3.531886577606201172e+00,-1.817120611667633057e-01
-2.457888364791870117e+00,-3.380584418773651123e-01,3.334923267364501953e+00,1.279791712760925293e+00
-1.743479847908020020e+00,-1.226385593414306641e+00,3.155810356140136719e+00,8.587565422058105469e-01
-5.122424960136413574e-01,-5.791139602661132812e-01,2.485726356506347656e+00,-9.179711341857910156e-01
-8.527716398239135742e-01,-1.189445376396179199e+00,2.829830646514892578e+00,2.285549342632293701e-01
4.505351185798645020e-03,-9.341873526573181152e-01,2.334107637405395508e+00,-1.056953549385070801e+00
-3.212436437606811523e-01,-5.165503025054931641e-01,3.201638221740722656e+00,5.974805355072021484e-01
-1.883124351501464844e+00,-5.666841864585876465e-01,2.294194698333740234e+00,1.139068365097045898e+00
-2.025352478027343750e+00,-3.697149753570556641e-01,3.379690170288085938e+00,1.581746220588684082e+00
-2.459619641304016113e-01,-1.228945970535278320e+00,1.770336866378784180e+00,-1.382276713848114014e-01
1.425665736198425293e+00,-3.965605199337005615e-01,4.113842487335205078e+00,1.006422281265258789e+00
-3.433231592178344727e+00,8.762583732604980469e-01,1.406029105186462402e+00,1.210541725158691406e+00
-2.244778722524642944e-02,-9.170823693275451660e-01,2.377068042755126953e+00,-3.940363824367523193e-01
-2.873356044292449951e-01,1.660407483577728271e-01,1.761235833168029785e+00,-7.851711511611938477e-01
-1.183043360710144043e+00,-5.009438395500183105e-01,3.055953502655029297e+00,1.119772493839263916e-01
6.621721982955932617e-01,-1.930037260055541992e+00,5.609871149063110352e-01,5.661473870277404785e-01
-5.093758106231689453e-01,-7.705948352813720703e-01,2.222960233688354492e+00,-1.086907267570495605e+00
1.554055511951446533e-02,-9.839556813240051270e-01,3.556579351425170898e-01,-5.543559789657592773e-01
-6.942426562309265137e-01,9.408441185951232910e-01,1.534635305404663086e+00,-3.811608850955963135e-01
-7.432909011840820312e-01,-5.897518992424011230e-01,2.700529575347900391e+00,-5.197192430496215820e-01
8.820154666900634766e-01,-1.901062130928039551e+00,4.110329151153564453e-01,1.052878975868225098e+00
-1.110091954469680786e-01,4.995695948600769043e-01,2.924248695373535156e+00,-1.576548218727111816e+00
-2.332270443439483643e-01,-1.321479529142379761e-01,1.195770978927612305e+00,-1.477280020713806152e+00
2.923434972763061523e+00,1.165910482406616211e+00,3.609561920166015625e+00,1.721530556678771973e+00
-1.623366236686706543e+00,-1.132255569100379944e-01,2.642976760864257812e+00,8.193740844726562500e-01
-6.926848888397216797e-01,1.479387879371643066e-01,1.446978449821472168e+00,-8.233865499496459961e-01
-1.763709664344787598e+00,-1.410566568374633789e-01,2.971062183380126953e+00,1.065704226493835449e+00
-1.399618506431579590e+00,-1.660207986831665039e+00,2.214921951293945312e+00,1.603788256645202637e+00
-4.613389074802398682e-01,-8.930606842041015625e-01,1.900375008583068848e+00,-1.978450119495391846e-01
3.067533254623413086e+00,3.295532703399658203e+00,6.929586887359619141e+00,4.694169044494628906e+00
-9.524399638175964355e-01,2.910140752792358398e-01,1.311272621154785156e+00,-6.769808530807495117e-01
2.350648045539855957e-01,-9.613537192344665527e-01,2.529725551605224609e+00,-5.001813173294067383e-01
-4.730924069881439209e-01,-1.061027526855468750e+00,2.328185081481933594e+00,1.714317202568054199e-01
-4.692083299160003662e-01,-3.828846812248229980e-01,2.102829933166503906e+00,-4.146464765071868896e-01
-1.174099326133728027e+00,-4.880514144897460938e-01,2.296617746353149414e+00,-5.001279711723327637e-02
3.063223361968994141e+00,-9.929482638835906982e-02,3.101478099822998047e+00,1.548025250434875488e+00
-1.896183133125305176e+00,-3.339816629886627197e-01,1.830818772315979004e+00,1.789880871772766113e+00
-1.536965966224670410e+00,-7.514426112174987793e-01,2.574792861938476562e+00,1.013916134834289551e+00
2.264069914817810059e-01,7.033838033676147461e-01,2.813839912414550781e+00,1.114160656929016113e+00
1.809514760971069336e-01,-3.460915386676788330e-01,1.845620393753051758e+00,-1.756397843360900879e+00
-7.658675909042358398e-01,-1.091923713684082031e+00,2.899738788604736328e+00,4.509196579456329346e-01
-1.169914960861206055e+00,-1.097228884696960449e+00,3.239868640899658203e+00,-6.061336398124694824e-02
-1.327234864234924316e+00,-1.126745700836181641e+00,3.087501525878906250e+00,5.593860745429992676e-01
-1.038154721260070801e+00,-1.169866919517517090e+00,3.711456298828125000e+00,6.774458885192871094e-01
1.294454932212829590e-01,-1.125251173973083496e+00,2.073741197586059570e+00,-2.009713351726531982e-01
6.635931879281997681e-02,-1.265631198883056641e+00,2.090708255767822266e+00,4.809197783470153809e-02
-7.636395096778869629e-02,-3.687245845794677734e-01,2.685063838958740234e+00,-6.328008174896240234e-01
-1.035012960433959961e+00,-9.662879109382629395e-01,2.547602176666259766e+00,1.056472420692443848e+00
-8.497028350830078125e-01,-6.906593441963195801e-01,2.990386962890625000e+00,-5.131645202636718750e-01
-1.578764438629150391e+00,-9.915489554405212402e-01,3.993511199951171875e+00,9.523448944091796875e-01
-5.337665081024169922e-01,-4.782620370388031006e-01,8.984564542770385742e-01,-5.260170698165893555e-01
-2.435819387435913086e+00,-9.443909525871276855e-01,2.662493705749511719e+00,1.648115158081054688e+00
-2.601414918899536133e-02,-6.427740454673767090e-01,1.645772099494934082e+00,-9.189059734344482422e-01
-1.003942966461181641e+00,-1.557570397853851318e-01,2.453607559204101562e+00,-2.392784655094146729e-01
-7.680041193962097168e-01,-1.141305789351463318e-01,2.056357383728027344e+00,-5.181908607482910156e-01
1.506201922893524170e-01,-1.711865186691284180e+00,6.782360076904296875e-01,8.122271299362182617e-02
-5.044405460357666016e-01,-1.165504381060600281e-01,1.964783310890197754e+00,-8.524578809738159180e-01
4.486004829406738281e+00,-3.086644887924194336e+00,-6.298781037330627441e-01,2.404739141464233398e+00
-6.482819318771362305e-01,-5.525940656661987305e-01,1.436424493789672852e+00,4.388947486877441406e-01
-2.104363918304443359e+00,-1.712810873985290527e+00,3.288790225982666016e+00,1.974995970726013184e+00
1.695540666580200195e+00,-2.851454257965087891e+00,-1.056565880775451660e+00,1.538310527801513672e+00
-1.566984951496124268e-01,-4.426719248294830322e-01,1.668142676353454590e+00,-8.037096261978149414e-01
-6.131403446197509766e-01,-9.271745085716247559e-01,2.020372390747070312e+00,6.520624756813049316e-01
-8.058031648397445679e-02,-1.079177707433700562e-01,1.230885386466979980e+00,-9.646337032318115234e-01
-1.548333644866943359e+00,-7.163724303245544434e-01,4.168507099151611328e+00,6.480000019073486328e-01
-3.385414361953735352e+00,-3.193637728691101074e-01,1.731693983078002930e+00,1.867891788482666016e+00
-2.611339092254638672e-03,-8.722741007804870605e-01,2.287573337554931641e+00,-3.801573812961578369e-01
-7.064150571823120117e-01,-6.923126578330993652e-01,1.856596350669860840e+00,3.652324080467224121e-01
-4.818319380283355713e-01,-5.601869225502014160e-01,2.357029438018798828e+00,-6.125999689102172852e-01
-1.394970059394836426e+00,-3.178598582744598389e-01,1.392112493515014648e+00,1.319932341575622559e-01
-5.005428791046142578e-01,-3.975019156932830811e-01,1.287111997604370117e+00,-1.004123568534851074e+00
-9.454786181449890137e-01,-1.230077862739562988e+00,2.914750576019287109e+00,4.449938833713531494e-01
3.157960772514343262e-01,-6.895861625671386719e-01,2.169299840927124023e+00,-7.536343336105346680e-01
-2.489264249801635742e+00,1.210773885250091553e-01,1.606821894645690918e+00,1.270430326461791992e+00
-1.450811624526977539e+00,-1.680818349123001099e-01,2.845594882965087891e+00,6.939653754234313965e-01
-1.366267800331115723e+00,-1.321055889129638672e+00,4.523723125457763672e+00,1.788465380668640137e+00
2.430820465087890625e-01,-1.028716444969177246e+00,1.362247824668884277e+00,6.247513294219970703e-01
-2.394600152969360352e+00,-1.268046021461486816e+00,4.917094707489013672e+00,2.171714067459106445e+00
-9.991898536682128906e-01,-1.157280683517456055e+00,2.056547164916992188e+00,1.132493376731872559e+00
-1.259556263685226440e-01,-2.355260550975799561e-01,1.640039920806884766e+00,-6.010165214538574219e-01
2.343302965164184570e+00,1.686655282974243164e+00,3.200702667236328125e+00,1.360845923423767090e+00
1.403525590896606445e+00,-2.627103805541992188e+00,1.651726245880126953e+00,1.432096362113952637e+00
5.638919830322265625e+00,3.440858840942382812e+00,5.111801624298095703e+00,3.051080703735351562e+00
-6.400559544563293457e-01,-7.663056254386901855e-01,2.754440784454345703e+00,-8.334647417068481445e-01
-1.997751951217651367e+00,-1.740097403526306152e+00,2.769219398498535156e+00,9.105459451675415039e-01
-3.304090797901153564e-01,-1.212258934974670410e+00,1.929993033409118652e+00,1.770052611827850342e-01
-9.803607463836669922e-01,-9.453382492065429688e-01,2.318717241287231445e+00,1.174655675888061523e+00
-9.800753593444824219e-01,-5.109657049179077148e-01,3.681767940521240234e+00,1.090169250965118408e-01
1.787370324134826660e+00,5.816689729690551758e-01,5.599004745483398438e+00,2.684759378433227539e+00
-1.005036950111389160e+00,-9.194957017898559570e-01,3.475048065185546875e+00,7.827677726745605469e-01
-7.390050888061523438e-01,-1.048568725585937500e+00,2.268167495727539062e+00,-7.437192201614379883e-01
1.683189570903778076e-01,-1.307225823402404785e+00,1.837777376174926758e+00,-9.063990116119384766e-01
-3.917262554168701172e-01,-2.250837087631225586e-01,2.038036584854125977e+00,-9.316889047622680664e-01
1.714593529701232910e+00,7.197598218917846680e-01,2.644590854644775391e+00,4.654454588890075684e-01
-2.274174928665161133e+00,5.428225398063659668e-01,1.783363938331604004e+00,8.062216043472290039e-01
-6.910649538040161133e-01,-8.436546325683593750e-01,1.992411494255065918e+00,1.129257321357727051e+00
1.188209414482116699e+00,-1.545513272285461426e+00,-9.955457448959350586e-01,5.734009742736816406e-01
-1.773095428943634033e-01,4.025143682956695557e-01,8.815881609916687012e-01,-4.108220040798187256e-01
-3.992150425910949707e-01,-4.187790155410766602e-01,1.812687516212463379e+00,-6.439684629440307617e-01
-1.250487685203552246e+00,-3.480678200721740723e-01,2.403282165527343750e+00,-5.222353935241699219e-01
-3.209821581840515137e-01,-3.383499085903167725e-01,1.348712205886840820e+00,-1.751377224922180176e+00
-1.175038337707519531e+00,-3.281303346157073975e-01,2.281961917877197266e+00,1.534990966320037842e-01
-1.233430951833724976e-02,1.435307264328002930e-01,1.119643449783325195e+00,-2.574428617954254150e-01
-3.115590512752532959e-01,-1.189043760299682617e+00,1.443805098533630371e+00,-6.911079883575439453e-01
-1.056162267923355103e-01,-4.515100270509719849e-02,2.831303596496582031e+00,-9.289392828941345215e-02
-1.358097195625305176e+00,-1.513395071029663086e+00,2.505416870117187500e+00,1.136103630065917969e+00
-1.494477093219757080e-01,-5.039221048355102539e-01,2.445489406585693359e+00,-6.637929677963256836e-01
-1.385362863540649414e+00,-4.781292676925659180e-01,2.868134975433349609e+00,2.304928004741668701e-01
1.258468985557556152e+00,6.905678510665893555e-01,1.999960780143737793e+00,6.053295731544494629e-01
-1.963800311088562012e+00,-1.559128522872924805e+00,4.859678745269775391e+00,1.660630464553833008e+00
-2.238831520080566406e-01,-7.604665160179138184e-01,3.596957683563232422e+00,2.716950893402099609e+00
1.133536323904991150e-01,-1.562385320663452148e+00,2.391410350799560547e+00,5.767080187797546387e-02
-1.361651778221130371e+00,-8.017143607139587402e-01,3.306176662445068359e+00,1.219771981239318848e+00
5.680767893791198730e-01,-1.086115241050720215e+00,8.345483541488647461e-01,-2.491753399372100830e-01
-1.253187417984008789e+00,1.452266216278076172e+00,1.192744851112365723e+00,-1.729560017585754395e+00
-2.673751592636108398e+00,-8.945370912551879883e-01,3.205561161041259766e+00,1.669171333312988281e+00
2.830376386642456055e+00,-2.769390940666198730e-01,-2.787916064262390137e-01,9.286702871322631836e-01
-5.763169005513191223e-02,-2.740042507648468018e-01,1.145811557769775391e+00,-1.285838007926940918e+00
-9.680536985397338867e-01,5.770949125289916992e-01,2.985501289367675781e+00,-3.821420967578887939e-01
-1.251248866319656372e-01,-2.185708731412887573e-01,1.580034613609313965e+00,-3.462269604206085205e-01
-4.938201904296875000e-01,-3.075756132602691650e-01,1.441322207450866699e+00,-2.130466997623443604e-01
-3.824675977230072021e-01,-7.329750657081604004e-01,1.271306991577148438e+00,-7.967131137847900391e-01
-7.152466177940368652e-01,-1.585011959075927734e+00,2.918447017669677734e+00,9.663426876068115234e-01
-1.484322428703308105e+00,-3.661431670188903809e-01,1.873659610748291016e+00,4.074284732341766357e-01
-1.412788987159729004e+00,-1.347446799278259277e+00,3.028303623199462891e+00,4.241153001785278320e-01
-1.302526712417602539e+00,-9.656391143798828125e-01,3.073764801025390625e+00,1.119085550308227539e+00
3.164188265800476074e-01,-9.790581464767456055e-02,2.140592813491821289e+00,-1.106249928474426270e+00
1.232359483838081360e-01,-1.269703865051269531e+00,2.215751409530639648e+00,-4.768315851688385010e-01
-1.738194108009338379e+00,-1.750779032707214355e+00,4.102788925170898438e+00,1.175485968589782715e+00
2.534478306770324707e-01,-4.593287408351898193e-01,1.396224856376647949e+00,-1.043645143508911133e+00
4.653327941894531250e+00,3.064077377319335938e+00,4.781728267669677734e+00,2.004696846008300781e+00
-1.575115084648132324e+00,-2.184100151062011719e+00,3.756782054901123047e+00,2.335241556167602539e+00
2.414861440658569336e+00,6.876869201660156250e-01,4.395457744598388672e+00,2.134137868881225586e+00
-4.432200193405151367e-01,-4.047893583774566650e-01,1.762585043907165527e+00,-6.216561794281005859e-01
-1.298467814922332764e-01,-9.236034154891967773e-01,2.344520568847656250e+00,-6.142971515655517578e-01
-9.155033826828002930e-01,-4.667087495326995850e-01,7.453513741493225098e-01,-8.075420856475830078e-01
-2.283318281173706055e+00,-9.946647286415100098e-01,4.009434700012207031e+00,2.010478019714355469e+00
-2.445615768432617188e+00,1.773749291896820068e-01,2.330294132232666016e+00,1.402788996696472168e+00
-7.427840828895568848e-01,-1.800283640623092651e-01,1.166025280952453613e+00,-3.550042212009429932e-01
-6.478821039199829102e-01,-1.709702134132385254e+00,2.753835201263427734e+00,3.797441720962524414e-01
-7.967382073402404785e-01,-2.759419679641723633e-01,2.693353652954101562e+00,6.535729169845581055e-01
-3.930464982986450195e-01,-1.215235352516174316e+00,2.505787372589111328e+00,-8.071899414062500000e-01
-4.699676334857940674e-01,-2.881605625152587891e-01,2.580329418182373047e+00,2.701526880264282227e-01
-5.081940889358520508e-01,-2.883207201957702637e-01,1.495602965354919434e+00,-4.166025221347808838e-01
3.851335287094116211e+00,-5.486687183380126953e+00,-1.899901509284973145e+00,3.812783002853393555e+00
-5.975705385208129883e-01,-1.286024212837219238e+00,2.104175090789794922e+00,-5.945796966552734375e-01
-3.538348376750946045e-01,-3.673273324966430664e-01,2.361523628234863281e+00,-1.671563506126403809e+00
-6.445400118827819824e-01,-1.546062231063842773e+00,2.856693744659423828e+00,1.298740983009338379e+00
-1.585454583168029785e+00,-7.729675173759460449e-01,2.821520328521728516e+00,1.972691297531127930e+00
-8.817184567451477051e-01,-8.992902636528015137e-01,2.042991638183593750e+00,1.762111783027648926e-01
-8.717923760414123535e-01,-1.728684067726135254e+00,1.550284743309020996e+00,1.856671929359436035e+00
1.270650982856750488e+00,-2.020769596099853516e+00,-4.116135835647583008e-01,2.951210737228393555e-01
5.540305614471435547e+00,3.928999423980712891e+00,6.012106895446777344e+00,3.670465946197509766e+00
-5.833852291107177734e-01,-6.440486907958984375e-01,1.104692816734313965e+00,1.681297123432159424e-01
-1.173268318176269531e+00,-1.332151174545288086e+00,2.375782489776611328e+00,1.287510037422180176e+00
-3.938921689987182617e-01,3.672275245189666748e-01,1.624084830284118652e+00,-1.031153917312622070e+00
3.834262490272521973e-01,-1.396831512451171875e+00,1.949275016784667969e+00,-1.116766810417175293e+00
4.624437808990478516e+00,2.082038402557373047e+00,4.621744155883789062e+00,2.853676319122314453e+00
-5.115655064582824707e-01,-5.945950150489807129e-01,2.259069919586181641e+00,-4.936051666736602783e-01
6.803549528121948242e-01,-1.450308203697204590e+00,5.810157775878906250e+00,-2.134243488311767578e+00
-2.938003838062286377e-01,-2.592848837375640869e-01,1.809315443038940430e+00,-7.117117643356323242e-01
-1.019434571266174316e+00,-6.114723086357116699e-01,1.872805356979370117e+00,-1.005600690841674805e+00
-3.388658463954925537e-01,-6.205658316612243652e-01,1.334524154663085938e+00,-2.195161581039428711e-02
-2.476983070373535156e-01,-9.994100928306579590e-01,2.185708999633789062e+00,-1.986719667911529541e-01
-8.202895522117614746e-01,-1.019952893257141113e+00,3.161738395690917969e+00,8.907518386840820312e-01
-2.280889749526977539e+00,-1.354014277458190918e+00,3.406707286834716797e+00,2.056745290756225586e+00
-5.928602814674377441e-01,-6.851541399955749512e-01,2.462184429168701172e+00,-8.316971063613891602e-01
8.598442077636718750e-01,-2.085897445678710938e+00,5.800168514251708984e-01,2.991559505462646484e-01
-4.787253737449645996e-01,-3.574168682098388672e-01,1.258553028106689453e+00,-5.943225622177124023e-01
-2.158692598342895508e+00,-1.002599835395812988e+00,3.125605583190917969e+00,2.470003604888916016e+00
-2.656853795051574707e-01,-8.713801503181457520e-01,1.959394097328186035e+00,-1.127495050430297852e+00
-3.901588618755340576e-01,-1.303442120552062988e+00,2.134298801422119141e+00,1.924892663955688477e-01
-1.765983819961547852e+00,-4.795026481151580811e-01,3.078393459320068359e+00,8.568793535232543945e-01
8.828516960144042969e+00,6.420814990997314453e+00,7.740552902221679688e+00,5.414507389068603516e+00
-1.704921722412109375e+00,1.989166736602783203e+00,-4.433737993240356445e-01,-1.958865284919738770e+00
-1.021894574165344238e+00,-1.075582981109619141e+00,2.155158996582031250e+00,6.619163751602172852e-01
-4.921010136604309082e-01,2.862746715545654297e-01,1.902844309806823730e+00,-1.344508886337280273e+00
3.872642815113067627e-01,-2.062032699584960938e+00,1.499909758567810059e+00,6.790110468864440918e-01
-1.877217888832092285e-01,-2.623028159141540527e-01,1.164188265800476074e+00,-1.271789550781250000e+00
-3.351363241672515869e-01,-1.076028943061828613e+00,2.169920444488525391e+00,-6.968441009521484375e-01
-3.476180136203765869e-01,-8.878173679113388062e-02,1.145618796348571777e+00,-6.762839555740356445e-01
-1.099494218826293945e+00,-1.205153584480285645e+00,3.281446933746337891e+00,-1.521523892879486084e-01
-1.706824779510498047e+00,-1.115696310997009277e+00,2.849973678588867188e+00,8.900907039642333984e-01
3.248851001262664795e-01,-2.769997119903564453e+00,2.986893653869628906e-01,1.957491040229797363e+00
2.465946078300476074e-01,-2.416586726903915405e-01,2.104583740234375000e+00,-8.928167819976806641e-01
3.243026733398437500e-01,-4.680403769016265869e-01,1.765647411346435547e+00,-1.682778000831604004e+00
-4.416765272617340088e-02,-1.785305976867675781e+00,1.981569766998291016e+00,2.366512566804885864e-01
-2.585783302783966064e-01,-8.752793669700622559e-01,1.895606637001037598e+00,-4.439841806888580322e-01
-1.187009215354919434e+00,-1.661776900291442871e+00,3.403428077697753906e+00,1.767567873001098633e+00
5.292631983757019043e-01,-1.680741429328918457e+00,5.106573104858398438e+00,-2.053326368331909180e+00
-1.565354466438293457e+00,1.312261462211608887e+00,-1.907270550727844238e-01,-8.252553939819335938e-01
-1.311884641647338867e+00,-4.478067755699157715e-01,2.077110290527343750e+00,3.036572933197021484e-01
4.184283733367919922e+00,1.717699885368347168e+00,5.595797061920166016e+00,2.437294483184814453e+00
-2.102688312530517578e+00,-6.788730621337890625e-01,1.719421267509460449e+00,1.084689259529113770e+00
-2.084220200777053833e-01,-1.170551061630249023e+00,1.921433329582214355e+00,-2.109418809413909912e-01
-1.023553013801574707e+00,-8.469156026840209961e-01,2.785234451293945312e+00,1.836042702198028564e-01
6.869586944580078125e+00,4.733523368835449219e+00,6.704012393951416016e+00,4.108511924743652344e+00
-1.330246090888977051e+00,-4.983407855033874512e-01,1.660504817962646484e+00,-6.326285600662231445e-01
-5.905569195747375488e-01,-9.187205433845520020e-01,2.109402894973754883e+00,-5.145682096481323242e-01
-9.686728715896606445e-01,-3.434579968452453613e-01,1.454425215721130371e+00,-2.182756960391998291e-01
-2.210154831409454346e-01,1.336214691400527954e-01,7.280582785606384277e-01,-8.408744335174560547e-01
3.189046144485473633e+00,1.832843184471130371e+00,4.401318073272705078e+00,2.174138307571411133e+00
-1.815154194831848145e+00,-6.784682273864746094e-01,1.591473340988159180e+00,1.272951722145080566e+00
-6.579620838165283203e-01,-5.307894349098205566e-01,1.302031636238098145e+00,-7.789674997329711914e-01
-1.683365464210510254e+00,-3.012455403804779053e-01,2.682394981384277344e+00,3.518989682197570801e-01
-5.687417387962341309e-01,-1.443809032440185547e+00,2.357188701629638672e+00,3.595820665359497070e-01
-4.590101242065429688e-01,-8.219119906425476074e-01,2.602795124053955078e+00,4.971607029438018799e-01
3.986599445343017578e-01,1.176634788513183594e+00,4.259255409240722656e+00,6.675748229026794434e-01
-1.894305348396301270e+00,-1.205196142196655273e+00,3.074851989746093750e+00,2.489052772521972656e+00
-1.096740245819091797e+00,-6.628682017326354980e-01,1.899242758750915527e+00,-4.564372003078460693e-01
1.524304747581481934e-01,-4.144553542137145996e-01,2.126721858978271484e+00,-4.692893922328948975e-01
-6.958370804786682129e-01,-7.465523481369018555e-01,2.269270420074462891e+00,3.433921337127685547e-01
-3.187243938446044922e-01,-1.235942721366882324e+00,2.088783264160156250e+00,1.617562472820281982e-01
-1.217957496643066406e+00,-7.912681698799133301e-01,2.055690765380859375e+00,9.951496124267578125e-01
-6.955257654190063477e-01,-2.288386374711990356e-01,1.243051528930664062e+00,-6.376277208328247070e-01
-1.229887366294860840e+00,-7.712666988372802734e-01,2.866003513336181641e+00,5.780381560325622559e-01
-2.874408245086669922e+00,-7.316761016845703125e-01,2.553213119506835938e+00,2.364717483520507812e+00
-1.329863190650939941e+00,-9.797552227973937988e-01,3.519841194152832031e+00,1.250805974006652832e+00
-1.427028417587280273e+00,-1.299544334411621094e+00,3.438519001007080078e+00,1.035423994064331055e+00
3.463169574737548828e+00,2.979452610015869141e+00,4.305487632751464844e+00,1.644963264465332031e+00
-4.560444056987762451e-01,-2.321991026401519775e-01,1.624716758728027344e+00,-6.327478885650634766e-01
-5.110060572624206543e-01,-6.316442973911762238e-03,1.788123846054077148e+00,-1.272881031036376953e+00
-1.439358115196228027e+00,-1.959981173276901245e-01,2.499016761779785156e+00,8.575751781463623047e-01
-1.177206754684448242e+00,4.037926197052001953e-01,9.081743955612182617e-01,-9.333721399307250977e-01
-8.890984654426574707e-01,1.317784428596496582e+00,-1.633957266807556152e+00,-1.530660510063171387e+00
-1.082357645034790039e+00,6.711067557334899902e-01,1.100905179977416992e+00,6.588527560234069824e-02
3.771202087402343750e+00,2.374434232711791992e+00,3.069727420806884766e+00,1.946951389312744141e+00
-5.099410414695739746e-01,-8.023020029067993164e-01,2.608730316162109375e+00,-6.465288400650024414e-01
-1.939104318618774414e+00,-5.008452534675598145e-01,2.810684204101562500e+00,1.166121006011962891e+00
-1.886465787887573242e+00,-7.526327371597290039e-01,3.956321716308593750e+00,2.030589580535888672e+00
-6.212794184684753418e-01,-3.266735374927520752e-01,2.055140495300292969e+00,-4.817681610584259033e-01
2.608669519424438477e+00,2.171062469482421875e+00,4.079996585845947266e+00,1.881575107574462891e+00
8.993316650390625000e+00,6.559390544891357422e+00,9.501023292541503906e+00,6.087684154510498047e+00
3.206303119659423828e+00,3.158658027648925781e+00,4.879269123077392578e+00,3.058263301849365234e+00
2.277682125568389893e-01,-1.042360901832580566e+00,2.354698419570922852e+00,-3.967879712581634521e-01
2.057250022888183594e+00,1.694466233253479004e+00,2.909918308258056641e+00,1.002660632133483887e+00
-2.048472404479980469e+00,-2.906922101974487305e-01,3.437205314636230469e+00,6.655294895172119141e-01
-8.462647199630737305e-01,7.627789974212646484e-01,1.195141315460205078e+00,-8.556236028671264648e-01
6.344591379165649414e-01,8.336933851242065430e-01,1.865677714347839355e+00,4.910209476947784424e-01
-1.429902195930480957e+00,-7.008264660835266113e-01,3.008568763732910156e+00,5.890296697616577148e-01
-1.333583354949951172e+00,-1.021812081336975098e+00,2.110741138458251953e+00,1.309470057487487793e+00
1.134356737136840820e+00,-1.173848628997802734e+00,2.511277198791503906e+00,-6.575864553451538086e-01
2.109772861003875732e-01,-9.351225197315216064e-02,1.834705471992492676e+00,4.023048281669616699e-02
-1.241165995597839355e+00,-7.385896444320678711e-01,2.549870967864990234e+00,9.639739990234375000e-01
3.061075806617736816e-01,-1.013440132141113281e+00,1.405501008033752441e+00,-4.942636787891387939e-01
1.053689196705818176e-01,-2.780612409114837646e-01,9.775148630142211914e-01,-2.329774200916290283e-01
-9.728710651397705078e-01,-1.307072043418884277e+00,2.638259410858154297e+00,1.064532518386840820e+00
-2.553260326385498047e-02,-1.383360624313354492e-01,7.047390341758728027e-01,-1.311658263206481934e+00
-1.433161616325378418e+00,-6.367760300636291504e-01,2.620717525482177734e+00,-7.915833592414855957e-02
-3.616373300552368164e+00,1.552067875862121582e+00,-3.041660785675048828e-01,7.684897184371948242e-01
-1.271089464426040649e-01,9.780605882406234741e-02,3.769145309925079346e-01,-1.052217602729797363e+00
2.021326065063476562e+00,1.006976246833801270e+00,4.242263793945312500e+00,9.980105161666870117e-01
-1.189659237861633301e+00,-6.635208725929260254e-01,2.930564880371093750e+00,3.849735856056213379e-01
-2.155532598495483398e+00,2.189398705959320068e-01,1.410263657569885254e+00,1.498162448406219482e-01
-1.857967734336853027e+00,-1.254864811897277832e+00,4.050954818725585938e+00,1.552153944969177246e+00
5.817250609397888184e-01,-8.942692279815673828e-01,1.613668799400329590e+00,-1.021847367286682129e+00
-2.968230009078979492e+00,-1.409175038337707520e+00,4.001415729522705078e+00,2.254786491394042969e+00
-5.037901997566223145e-01,-6.202385425567626953e-01,1.897193431854248047e+00,-4.081111848354339600e-01
3.872541189193725586e-01,-1.899302124977111816e+00,1.799966812133789062e+00,-5.281816720962524414e-01
-4.668418407440185547e+00,2.113783836364746094e+00,-1.592246294021606445e-01,2.720338821411132812e+00
-1.498651146888732910e+00,-3.765683174133300781e-01,2.684296607971191406e+00,2.123287022113800049e-01
-5.402473807334899902e-01,-2.482822686433792114e-01,1.209656834602355957e+00,-1.694205701351165771e-01
-6.284461021423339844e-01,-2.318178713321685791e-01,1.110258817672729492e+00,-9.515125751495361328e-01
-5.917454361915588379e-01,-4.453717172145843506e-01,1.014681816101074219e+00,-6.582496166229248047e-01
4.939849972724914551e-01,1.774221539497375488e+00,4.763048648834228516e+00,3.975191831588745117e+00
1.454381465911865234e+00,8.717280626296997070e-01,3.184312820434570312e+00,-1.187323629856109619e-01
5.461756587028503418e-01,-2.704392373561859131e-02,3.644988536834716797e+00,-3.394429385662078857e-01
-3.369369804859161377e-01,-4.587854743003845215e-01,2.118443489074707031e+00,-1.111127972602844238e+00
-8.069490194320678711e-01,-3.397568166255950928e-01,1.292053222656250000e+00,-1.717219650745391846e-01
-4.974609911441802979e-01,-8.987835049629211426e-01,3.316843032836914062e+00,-8.007022142410278320e-01
2.932912826538085938e+00,1.173628449440002441e+00,1.753310799598693848e+00,1.057942271232604980e+00
2.486455142498016357e-01,-3.348940312862396240e-01,1.854725241661071777e+00,-1.699979662895202637e+00
-1.163958683609962463e-01,-1.225147172808647156e-01,2.337607860565185547e+00,-3.953132927417755127e-01
-9.266919493675231934e-01,-6.065382957458496094e-01,2.135405063629150391e+00,-3.459132611751556396e-01
-3.558028340339660645e-01,-1.888174295425415039e+00,1.722911000251770020e-01,1.263455867767333984e+00
-4.325306415557861328e-01,-5.472218990325927734e-01,2.562952518463134766e+00,3.440334200859069824e-01
-1.927410721778869629e+00,5.787997245788574219e-01,2.060817003250122070e+00,-2.912729680538177490e-01
-6.246601343154907227e-01,-4.817468225955963135e-01,1.889149069786071777e+00,-8.087457418441772461e-01
2.416762113571166992e+00,2.145321853458881378e-02,3.687626838684082031e+00,1.208437800407409668e+00
-2.713347673416137695e-01,-1.026139020919799805e+00,1.830604791641235352e+00,7.765847444534301758e-01
-2.535505771636962891e+00,-1.407569527626037598e+00,2.973440170288085938e+00,2.060104846954345703e+00
1.456076383590698242e+00,-2.022633075714111328e+00,4.230223178863525391e+00,-8.521043062210083008e-01
-1.369570016860961914e+00,-7.631400823593139648e-01,2.094336986541748047e+00,5.142645835876464844e-01
2.089427411556243896e-01,-8.338798880577087402e-01,2.858877658843994141e+00,-3.705183565616607666e-01
2.932276964187622070e+00,2.375279426574707031e+00,3.890864849090576172e+00,2.298109531402587891e+00
4.588117450475692749e-02,-1.474316716194152832e+00,1.916611552238464355e+00,1.513176858425140381e-01
-1.197416186332702637e+00,-1.167388185858726501e-01,2.124342441558837891e+00,-6.591649055480957031e-01
-1.787511587142944336e+00,-9.704629778861999512e-01,2.669636726379394531e+00,9.433507919311523438e-01
2.369195461273193359e+00,1.352268934249877930e+00,3.852600574493408203e+00,1.254208207130432129e+00
-8.981426358222961426e-01,-1.191600322723388672e+00,2.396431446075439453e+00,7.977438569068908691e-01
-6.847159266471862793e-01,-5.259829759597778320e-01,1.758168101310729980e+00,-9.846493601799011230e-02
-1.285164237022399902e+00,-4.609152376651763916e-01,1.668151259422302246e+00,8.817018866539001465e-01
-4.849121272563934326e-01,-7.256208062171936035e-01,1.308995723724365234e+00,-1.619290709495544434e+00
-5.174593925476074219e-01,-3.715412914752960205e-01,1.735982656478881836e+00,4.812058806419372559e-02
-8.506668806076049805e-01,-2.957685887813568115e-01,1.828822731971740723e+00,-4.173084199428558350e-01
-3.346299529075622559e-01,-6.692617535591125488e-01,8.388229608535766602e-01,-1.346255660057067871e+00
2.511125564575195312e+00,9.702812433242797852e-01,4.318282127380371094e+00,2.613846063613891602e+00
-8.122630119323730469e-01,-2.465140372514724731e-01,1.047009706497192383e+00,-9.972754716873168945e-01
-6.197103261947631836e-01,-1.388801336288452148e+00,3.178521156311035156e+00,1.044863343238830566e+00
2.191250801086425781e+00,6.316440105438232422e-01,3.444058418273925781e+00,1.699185132980346680e+00
-5.625110268592834473e-01,-6.309692859649658203e-01,1.999023556709289551e+00,-6.241029500961303711e-01
5.664218425750732422e+00,-1.100100159645080566e+00,-2.714702486991882324e-02,3.659418106079101562e+00
-1.987630248069763184e+00,-6.624284386634826660e-01,3.385287761688232422e+00,1.021603941917419434e+00
-9.139930009841918945e-01,-1.578468531370162964e-01,1.585661292076110840e+00,-3.932848870754241943e-01
-2.298751473426818848e-01,-5.440598726272583008e-01,3.044967174530029297e+00,-6.411420106887817383e-01
2.312205314636230469e+00,-2.556730031967163086e+00,1.225049644708633423e-01,1.111596226692199707e-01
-2.337565660476684570e+00,-3.196873068809509277e-01,3.507567882537841797e+00,8.764584660530090332e-01
-5.212256312370300293e-01,-4.772479236125946045e-01,1.179419755935668945e+00,-4.778856337070465088e-01
-3.886435627937316895e-01,-1.881793588399887085e-01,1.490520715713500977e+00,-2.491869628429412842e-01
2.134378850460052490e-01,-2.707945704460144043e-01,2.732961654663085938e+00,2.749339640140533447e-01
-1.426459789276123047e+00,4.364845156669616699e-01,1.169630646705627441e+00,8.759421110153198242e-02
5.156421184539794922e+00,3.699026584625244141e+00,4.060399055480957031e+00,2.577436923980712891e+00
2.148484289646148682e-01,-1.446706891059875488e+00,3.008595943450927734e+00,2.473915666341781616e-01
1.522097110748291016e+00,5.552712082862854004e-01,4.695350646972656250e+00,2.353065252304077148e+00
3.798139095306396484e+00,-1.601742625236511230e+00,-6.202089786529541016e-01,2.684073448181152344e+00
3.086081147193908691e-01,2.302221953868865967e-01,2.483948707580566406e+00,1.766135394573211670e-01
5.606360435485839844e+00,-6.269592046737670898e-01,1.119332790374755859e+00,3.009395837783813477e+00
3.094959259033203125e-02,-9.363970160484313965e-01,1.173758268356323242e+00,-1.643821120262145996e+00
-3.099165856838226318e-01,-4.215247333049774170e-01,1.645764231681823730e+00,-8.120366930961608887e-02
-3.037442684173583984e+00,-5.771544575691223145e-01,3.176330566406250000e+00,2.499581575393676758e+00
-1.963441818952560425e-01,-4.850885644555091858e-02,1.779620051383972168e+00,-1.366978287696838379e+00
-8.014613986015319824e-01,-1.380844414234161377e-01,2.094888210296630859e+00,-4.229216277599334717e-01
4.078197479248046875e+00,3.039103269577026367e+00,5.093915939331054688e+00,3.334985017776489258e+00
-1.901867836713790894e-01,-3.552183136343955994e-02,3.436136722564697266e+00,1.831286311149597168e+00
-4.133209288120269775e-01,-2.001649439334869385e-01,2.899572849273681641e+00,-6.200959682464599609e-01
-1.279113054275512695e+00,5.887436866760253906e-01,4.189993381500244141e+00,6.863418817520141602e-01
-5.390729904174804688e-01,-5.824948549270629883e-01,1.286559581756591797e+00,-3.229901492595672607e-01
-1.393956661224365234e+00,-4.431942701339721680e-01,1.712853312492370605e+00,-1.168423891067504883e-02
1.082056835293769836e-01,-4.876777231693267822e-01,1.625016331672668457e+00,-2.594053447246551514e-01
-4.440404474735260010e-01,-1.029191732406616211e+00,2.518919944763183594e+00,-4.822901189327239990e-01
9.369451999664306641e-01,4.744143784046173096e-01,1.763050079345703125e+00,-7.647335529327392578e-03
6.997979164123535156e+00,3.764253854751586914e+00,5.698920726776123047e+00,3.766049861907958984e+00
-2.253123521804809570e-01,-1.237975478172302246e+00,1.517194986343383789e+00,-5.582416057586669922e-01
-1.153564572334289551e+00,4.845488071441650391e-02,2.637757778167724609e+00,-1.678869128227233887e-02
6.390447020530700684e-01,-1.611176848411560059e+00,9.991993904113769531e-01,-2.768709957599639893e-01
-6.755422055721282959e-02,-5.780988335609436035e-01,1.285308361053466797e+00,-4.894923865795135498e-01
-6.668300926685333252e-02,-9.869249910116195679e-02,1.492468953132629395e+00,-1.434389352798461914e+00
1.091146543622016907e-01,-8.277729749679565430e-01,1.854786992073059082e+00,-1.685744225978851318e-01
2.179465293884277344e-01,-5.174562335014343262e-01,1.781514406204223633e+00,-1.030162215232849121e+00
4.010692119598388672e+00,-4.943188667297363281e+00,-2.327832698822021484e+00,3.388832807540893555e+00
-9.983518123626708984e-01,-4.693891108036041260e-01,1.233873367309570312e+00,-7.555445432662963867e-01
-8.935482501983642578e-01,-3.770925700664520264e-01,1.063462734222412109e+00,-7.230968475341796875e-01
3.352300524711608887e-01,-1.854368746280670166e-01,1.995460271835327148e+00,-7.973365783691406250e-01
-5.558897256851196289e-01,-2.129096984863281250e+00,1.049337387084960938e+00,2.840977311134338379e-01
9.996123313903808594e-01,-3.244158327579498291e-01,3.884084224700927734e+00,1.544306039810180664e+00
-1.075241565704345703e+00,-9.136432409286499023e-01,2.483183860778808594e+00,4.323392808437347412e-01
-7.043113708496093750e-01,-7.428696155548095703e-01,1.925134539604187012e+00,-1.707609772682189941e+00
4.593882083892822266e+00,3.699809789657592773e+00,6.241147994995117188e+00,1.681668877601623535e+00
-2.994653582572937012e-01,-1.206063508987426758e+00,2.330401420593261719e+00,2.021425664424896240e-01
-2.626927495002746582e-01,-1.504228472709655762e+00,2.544132709503173828e+00,2.035496532917022705e-01
-1.744640767574310303e-01,-4.146725535392761230e-01,1.864031553268432617e+00,-1.247277975082397461e+00
2.367871254682540894e-02,-1.270777463912963867e+00,1.300579786300659180e+00,-7.434691190719604492e-01
2.286662578582763672e+00,9.191516041755676270e-01,3.617644309997558594e+00,4.301519393920898438e-01
-8.362684845924377441e-01,-8.472641110420227051e-01,2.944887161254882812e+00,4.557644128799438477e-01
-3.473646640777587891e-01,-2.455460578203201294e-01,2.425534725189208984e+00,-1.182678818702697754e+00
-3.492313623428344727e-01,-3.497470915317535400e-01,1.875994205474853516e+00,-4.269219338893890381e-01
-4.446566104888916016e-01,-5.314019322395324707e-01,1.617079019546508789e+00,-3.807856738567352295e-01
-2.247363567352294922e+00,-1.544569283723831177e-01,2.754765033721923828e+00,4.184219241142272949e-01
1.456398367881774902e+00,1.064342856407165527e+00,3.543921470642089844e+00,2.403334617614746094e+00
3.130078792572021484e+00,1.312762022018432617e+00,6.217146396636962891e+00,4.463325500488281250e+00
-1.158971548080444336e+00,-1.999788641929626465e+00,2.626752853393554688e+00,1.418431878089904785e+00
-7.120516896247863770e-01,1.687380075454711914e-01,2.306354284286499023e+00,-5.455017089843750000e-01
-9.923324584960937500e-01,-7.157680988311767578e-01,3.505798816680908203e+00,-3.500179946422576904e-01
1.221123456954956055e+00,-2.565554380416870117e+00,5.974160194396972656e+00,-1.743793368339538574e+00
-9.513608217239379883e-01,-2.365577965974807739e-01,1.392992496490478516e+00,-1.007642149925231934e+00
-2.095761060714721680e+00,-8.217648863792419434e-01,3.986358165740966797e+00,1.198526501655578613e+00
-6.998831629753112793e-01,-5.033477544784545898e-01,1.938647747039794922e+00,-6.706742048263549805e-01
-4.345852881669998169e-02,-1.077328085899353027e+00,2.118888854980468750e+00,-7.695940732955932617e-01
-8.458625078201293945e-01,-1.760762691497802734e+00,3.242314338684082031e+00,9.153491258621215820e-01
1.261424303054809570e+00,-4.029023647308349609e-01,2.950055599212646484e+00,2.050867319107055664e+00
-2.150881528854370117e+00,-7.477136850357055664e-01,2.737155914306640625e+00,5.577183365821838379e-01
-2.187891006469726562e+00,-1.044505238533020020e+00,1.491095662117004395e+00,1.988567590713500977e+00
-6.847124099731445312e-01,-8.956643342971801758e-01,2.430710315704345703e+00,-3.452391922473907471e-01
-1.675411581993103027e+00,-3.824021518230438232e-01,3.146702289581298828e+00,9.880223274230957031e-01
-3.501208126544952393e-02,-5.032994151115417480e-01,2.279249668121337891e+00,5.024372339248657227e-01
-9.790043532848358154e-02,-1.407772302627563477e+00,3.502351284027099609e+00,-5.656072497367858887e-02
-1.198060065507888794e-02,-1.102849721908569336e+00,1.620356321334838867e+00,-7.972047328948974609e-01
-6.016569137573242188e-01,-7.884013056755065918e-01,1.480674147605895996e+00,1.303598642349243164e+00
-7.651205062866210938e-01,-1.217671990394592285e+00,3.234012603759765625e+00,5.209893584251403809e-01
-1.108516812324523926e+00,-6.430234909057617188e-01,2.291239261627197266e+00,7.292625308036804199e-01
-7.289686799049377441e-01,-8.872512578964233398e-01,1.913695693016052246e+00,-2.315441071987152100e-01
-2.083049297332763672e+00,1.963254064321517944e-01,1.007755279541015625e+00,8.148483037948608398e-01
-6.394258141517639160e-01,-1.158428430557250977e+00,3.355236530303955078e+00,6.099808216094970703e-01
-2.138095378875732422e+00,-2.064454108476638794e-01,2.168316364288330078e+00,6.535835266113281250e-01
-2.553827315568923950e-02,-5.334143042564392090e-01,2.145755767822265625e+00,-1.002537608146667480e+00
-1.475522279739379883e+00,-3.503663837909698486e-01,3.326293945312500000e+00,3.174562454223632812e-01
-6.713376045227050781e-01,-3.634706437587738037e-01,2.780861377716064453e+00,-6.248978376388549805e-01
-2.764682173728942871e-01,-4.368413984775543213e-02,2.615222930908203125e+00,-3.273916542530059814e-01
-4.239277839660644531e-01,-1.272220611572265625e+00,1.605737686157226562e+00,2.181213051080703735e-01
-2.567604303359985352e+00,-6.075203418731689453e-01,3.893500804901123047e+00,1.710292696952819824e+00
1.858949363231658936e-01,-4.293748736381530762e-01,2.686411380767822266e+00,-1.247627854347229004e+00
3.310742378234863281e-01,-2.180745363235473633e+00,9.999881386756896973e-01,8.811002969741821289e-01
-1.599847674369812012e-01,-4.942905306816101074e-01,2.543981552124023438e+00,-7.281775474548339844e-01
-2.579017639160156250e+00,-4.549956917762756348e-01,4.658874988555908203e+00,1.573956847190856934e+00
-1.335482001304626465e+00,-1.780540227890014648e+00,2.828998565673828125e+00,1.233289122581481934e+00
-1.605132102966308594e+00,-1.395716190338134766e+00,3.125690460205078125e+00,1.268536806106567383e+00
-2.189838141202926636e-02,-1.099162578582763672e+00,2.465768337249755859e+00,3.284327089786529541e-01
1.101763546466827393e-02,-3.181953132152557373e-01,2.172896623611450195e+00,-1.676246285438537598e+00
4.301889538764953613e-01,-1.420186281204223633e+00,6.540763974189758301e-01,-3.797219097614288330e-01
-5.302652120590209961e-01,-7.165526151657104492e-01,1.811253666877746582e+00,-1.245988965034484863e+00
-3.544498607516288757e-02,4.885546863079071045e-01,4.971581399440765381e-01,-1.359355330467224121e+00
-7.204763293266296387e-01,-1.777145713567733765e-01,2.420295715332031250e+00,-7.777401208877563477e-01
-6.560871601104736328e-01,-6.348592638969421387e-01,2.071600437164306641e+00,-5.629637241363525391e-01
1.533402442932128906e+00,-1.896751046180725098e+00,1.033706426620483398e+00,1.399858236312866211e+00
-1.578094005584716797e+00,-3.488020002841949463e-01,3.524486541748046875e+00,7.950010895729064941e-01
-9.008007645606994629e-01,7.956104725599288940e-02,1.181271433830261230e+00,-4.514321386814117432e-01
-2.346990108489990234e+00,-5.613052248954772949e-01,2.338631868362426758e+00,1.195208430290222168e+00
-7.197030782699584961e-01,-2.077507972717285156e-02,8.366311192512512207e-01,-4.837901294231414795e-01
-4.485373198986053467e-01,-1.845114350318908691e+00,7.088126540184020996e-01,-4.329588115215301514e-01
-4.928373992443084717e-01,6.651765108108520508e-02,1.332067251205444336e+00,-5.583225488662719727e-01
-1.463122069835662842e-01,-1.185654640197753906e+00,2.493124008178710938e+00,-3.575377762317657471e-01
-8.452172875404357910e-01,-5.334444046020507812e-01,3.719685554504394531e+00,-1.005904972553253174e-01
-6.205584406852722168e-01,-9.194129705429077148e-01,1.966496348381042480e+00,-3.359011709690093994e-01
-5.527442097663879395e-01,8.689524233341217041e-02,1.791042804718017578e+00,-9.167492389678955078e-01
-1.856878876686096191e+00,7.804831266403198242e-01,5.383462905883789062e-01,7.106618881225585938e-01
5.054485201835632324e-01,2.016933858394622803e-01,4.045783519744873047e+00,2.971450686454772949e-01
-3.331853747367858887e-01,-1.188190102577209473e+00,1.720803976058959961e+00,3.150212764739990234e-01
-5.096864104270935059e-01,-8.122612833976745605e-01,1.360765933990478516e+00,2.302507162094116211e-01
2.102508544921875000e+00,6.081807613372802734e-01,2.937474727630615234e+00,1.160997748374938965e-01
8.977225422859191895e-01,-2.566082715988159180e+00,3.474539756774902344e+00,-1.133373498916625977e+00
-5.393348932266235352e-01,1.287969797849655151e-01,7.925813198089599609e-01,-7.140036821365356445e-01
-7.289837002754211426e-01,-3.125421702861785889e-01,1.935531377792358398e+00,-1.502111554145812988e+00
-1.996916681528091431e-01,-1.115231394767761230e+00,2.112008571624755859e+00,-4.379470646381378174e-01
-2.725471258163452148e+00,7.185836881399154663e-02,4.368391036987304688e+00,2.508303642272949219e+00
-8.362946510314941406e-01,-5.055989027023315430e-01,2.253025054931640625e+00,5.034865736961364746e-01
-8.562608361244201660e-01,-9.068498611450195312e-01,3.988378524780273438e+00,9.860681295394897461e-01
-1.167740106582641602e+00,-6.261315941810607910e-01,1.914404392242431641e+00,4.707929193973541260e-01
-6.301525235176086426e-01,-7.547810077667236328e-01,3.377945423126220703e+00,1.180292665958404541e-01
-2.991182804107666016e-01,-3.368513584136962891e-01,3.304381370544433594e+00,-5.412631034851074219e-01
-4.415996074676513672e-01,-1.060103178024291992e+00,1.593575358390808105e+00,-2.979737818241119385e-01
-2.969229519367218018e-01,-4.088440239429473877e-01,1.005594968795776367e+00,-1.903312504291534424e-01
-7.156384587287902832e-01,-6.323700547218322754e-01,2.828321933746337891e+00,-9.494194388389587402e-02
-2.173362016677856445e+00,-1.644752979278564453e+00,2.448849201202392578e+00,2.254420995712280273e+00
-2.995885133743286133e+00,-2.107589483261108398e+00,5.142901897430419922e+00,3.380181312561035156e+00
-1.099034547805786133e+00,8.058100938796997070e-01,-7.579708099365234375e-02,-9.924379587173461914e-01
-1.141948580741882324e+00,-6.840949654579162598e-01,2.734459400177001953e+00,3.728690743446350098e-01
-8.449296951293945312e-01,-3.840017318725585938e-01,3.262639999389648438e+00,-4.439494311809539795e-01
-3.045320987701416016e+00,-2.027426004409790039e+00,5.172959804534912109e+00,3.547998666763305664e+00
1.171995624899864197e-01,9.878423810005187988e-02,1.684822559356689453e+00,-8.628283739089965820e-01
-4.995525479316711426e-01,-4.437979757785797119e-01,1.763884663581848145e+00,-1.378070116043090820e+00
1.158578753471374512e+00,7.511296272277832031e-01,1.971083283424377441e+00,-6.331753730773925781e-01
9.460062980651855469e-01,-1.898078203201293945e+00,4.462350368499755859e+00,-2.035939455032348633e+00
-1.328313946723937988e+00,-2.330906391143798828e-01,2.590126991271972656e+00,3.742271363735198975e-01
6.039718389511108398e-01,-2.266406714916229248e-01,1.144284129142761230e+00,-1.418292403221130371e+00
-4.184549152851104736e-01,4.538666307926177979e-01,1.785239219665527344e+00,-1.708695292472839355e+00
-8.902009129524230957e-01,-5.957103967666625977e-01,2.708394050598144531e+00,-6.503108739852905273e-01
4.642582535743713379e-01,-1.515377163887023926e+00,3.208533763885498047e+00,-4.318480193614959717e-01
-2.674450576305389404e-01,-1.091351270675659180e+00,1.244005203247070312e+00,5.503809452056884766e-02
2.287324368953704834e-01,-1.180956840515136719e+00,-2.131913900375366211e-01,4.143309295177459717e-01
-6.832974553108215332e-01,-6.269875168800354004e-01,1.477479457855224609e+00,-5.239814519882202148e-01
-1.319083571434020996e+00,-9.346937537193298340e-01,2.126768350601196289e+00,1.468304395675659180e+00
-1.892709374427795410e+00,-9.363934397697448730e-01,2.248008966445922852e+00,3.646644651889801025e-01
-1.074534654617309570e+00,-3.820168375968933105e-01,1.980749845504760742e+00,-3.609596788883209229e-01
-8.263196051120758057e-02,-9.754853248596191406e-01,2.008816242218017578e+00,3.443866968154907227e-02
-1.037609726190567017e-01,-1.339049696922302246e+00,2.811130523681640625e+00,3.421888053417205811e-01
-2.153394699096679688e+00,-5.394898056983947754e-01,2.778354167938232422e+00,9.679219722747802734e-01
-1.111334323883056641e+00,-6.201641559600830078e-01,3.045338630676269531e+00,3.332379460334777832e-01
-4.578561782836914062e-01,-2.963832318782806396e-01,1.213121891021728516e+00,-1.649695932865142822e-01
-7.275524139404296875e-01,8.425769954919815063e-02,1.440740823745727539e+00,-2.989153563976287842e-01
-2.178436756134033203e+00,-1.177243471145629883e+00,4.365417480468750000e+00,1.993701934814453125e+00
-2.236790359020233154e-01,-8.549827933311462402e-01,2.119404315948486328e+00,-1.197978854179382324e+00
-9.898277521133422852e-01,-8.740198612213134766e-01,2.217550516128540039e+00,8.102895021438598633e-01
-1.934590339660644531e-01,-8.462049961090087891e-01,2.118122339248657227e+00,-1.455339550971984863e+00
-1.618765830993652344e+00,-6.519439220428466797e-01,3.350334644317626953e+00,8.147361874580383301e-01
-2.428657770156860352e+00,-8.716084361076354980e-01,3.966501712799072266e+00,2.217187881469726562e+00
5.817346572875976562e-01,2.529368363320827484e-02,2.179516792297363281e+00,-2.282444238662719727e+00
1.171300768852233887e+00,-1.915899038314819336e+00,4.387180805206298828e+00,-1.458472847938537598e+00
-1.314003944396972656e+00,-1.068973302841186523e+00,2.209113836288452148e+00,6.569347381591796875e-01
3.228337526321411133e+00,-1.121229171752929688e+00,3.059772968292236328e+00,2.137505769729614258e+00
-1.247083663940429688e+00,-1.306856274604797363e+00,3.059656620025634766e+00,1.176986813545227051e+00
-7.886881232261657715e-01,-1.107871174812316895e+00,1.732401371002197266e+00,8.085478544235229492e-01
-4.080866575241088867e-01,-3.315060138702392578e-01,1.545954227447509766e+00,-9.558635950088500977e-01
2.811031818389892578e+00,6.656993031501770020e-01,4.042901515960693359e+00,1.686219811439514160e+00
-1.729912161827087402e-01,-7.257409095764160156e-01,1.701288580894470215e+00,-6.456104516983032227e-01
-1.527402997016906738e+00,-1.029191493988037109e+00,3.776532173156738281e+00,1.502484321594238281e+00
-5.140632390975952148e-01,-8.715364336967468262e-01,2.621713161468505859e+00,-3.938474357128143311e-01
-8.794406652450561523e-01,-8.004676103591918945e-01,1.796011567115783691e+00,1.221537709236145020e+00
5.623320102691650391e+00,3.444216012954711914e+00,5.783612251281738281e+00,2.567433357238769531e+00
-4.082173705101013184e-01,-4.652881622314453125e-01,2.360751152038574219e+00,-7.376420497894287109e-01
3.139312863349914551e-01,2.753800451755523682e-01,2.032245159149169922e+00,-1.444688200950622559e+00
-3.739300072193145752e-01,-2.866728603839874268e-01,1.668263077735900879e+00,-1.494728803634643555e+00
-1.966446638107299805e-01,-8.342195153236389160e-01,2.967290878295898438e+00,-3.581713140010833740e-01
1.709403991699218750e+00,1.296883344650268555e+00,3.980965137481689453e+00,1.295919299125671387e+00
-5.378353595733642578e-01,-4.605170190334320068e-01,2.343014717102050781e+00,7.433104515075683594e-01
-1.978567123413085938e+00,-4.380998313426971436e-01,2.609251976013183594e+00,8.375288844108581543e-01
-2.219190597534179688e-01,-1.616132259368896484e+00,1.914482951164245605e+00,-2.673296630382537842e-01
-5.634254813194274902e-01,-6.956227421760559082e-01,1.820435166358947754e+00,-1.141467690467834473e+00
2.525498270988464355e-01,1.740791201591491699e-01,2.481291294097900391e+00,7.663751840591430664e-01
-5.172181129455566406e-01,-7.456596493721008301e-01,3.201431751251220703e+00,7.352350950241088867e-01
-1.157285451889038086e+00,-1.021882057189941406e+00,2.731335163116455078e+00,3.531661033630371094e-01
-1.495920777320861816e+00,-1.478920817375183105e+00,3.578712463378906250e+00,1.500310897827148438e+00
7.606609910726547241e-02,-9.307211041450500488e-01,2.451523303985595703e+00,-1.549232125282287598e+00
-5.916004776954650879e-01,-7.411620020866394043e-01,1.889495730400085449e+00,-8.767043352127075195e-01
-1.075085639953613281e+00,-1.329661250114440918e+00,3.072038650512695312e+00,5.956864356994628906e-01
-7.267849147319793701e-02,1.948661655187606812e-01,1.978176593780517578e+00,-8.949246406555175781e-01
2.211731195449829102e+00,1.758862733840942383e+00,3.071496009826660156e+00,1.039329648017883301e+00
-2.031479120254516602e+00,-1.102448344230651855e+00,2.809321403503417969e+00,1.727010607719421387e+00
-1.438946962356567383e+00,-9.458246231079101562e-01,2.706487655639648438e+00,1.917564868927001953e-01
-2.372119903564453125e+00,-9.682966470718383789e-01,2.257449626922607422e+00,1.071999192237854004e+00
2.568147420883178711e+00,1.168854713439941406e+00,3.451726436614990234e+00,1.020280718803405762e+00
-8.697470277547836304e-02,-2.063707858324050903e-01,6.191309690475463867e-01,-1.439805388450622559e+00
-5.827979445457458496e-01,-5.158736705780029297e-01,1.961429595947265625e+00,-6.147516965866088867e-01
-7.967604994773864746e-01,-5.504446625709533691e-01,1.676747560501098633e+00,5.112534761428833008e-02
9.852766990661621094e-01,-1.796312779188156128e-01,2.836498737335205078e+00,8.624730110168457031e-01
5.708191394805908203e+00,4.203636169433593750e+00,4.601811408996582031e+00,2.692169904708862305e+00
-6.188588216900825500e-02,-1.727153420448303223e+00,2.363975048065185547e+00,-3.867001235485076904e-01
-1.251637816429138184e+00,-9.384424090385437012e-01,3.865976333618164062e+00,1.489605784416198730e+00
-2.288850396871566772e-02,-3.390626907348632812e-01,1.751332640647888184e+00,-1.980310559272766113e+00
-3.525487333536148071e-02,-2.764219760894775391e+00,2.821280002593994141e+00,6.911898851394653320e-01
-1.009024754166603088e-01,-1.964558362960815430e+00,2.006824493408203125e+00,4.502595365047454834e-01
8.944230526685714722e-02,-5.274124741554260254e-01,1.211732864379882812e+00,-1.780828535556793213e-01
-2.461994588375091553e-01,-2.413457781076431274e-01,1.242208838462829590e+00,-1.062517523765563965e+00
-1.938174962997436523e-01,3.543557822704315186e-01,2.219390153884887695e+00,-9.374120235443115234e-01
8.323615193367004395e-01,-1.050205707550048828e+00,1.506955385208129883e+00,-1.645735859870910645e+00
-1.858249008655548096e-01,-4.126321673393249512e-01,1.799300432205200195e+00,-5.652176141738891602e-01
4.910437107086181641e+00,3.781924486160278320e+00,7.229629516601562500e+00,5.538878917694091797e+00
-8.561636805534362793e-01,-9.160173535346984863e-01,1.088516712188720703e+00,-2.449161112308502197e-01
-1.025113821029663086e+00,-1.254077672958374023e+00,3.457796096801757812e+00,9.387692213058471680e-01
-6.767482757568359375e-01,-5.849487185478210449e-01,2.232581853866577148e+00,-2.192971408367156982e-01
-3.252004683017730713e-01,-1.034109234809875488e+00,2.718695163726806641e+00,-4.401441514492034912e-01
-1.337762594223022461e+00,-3.945885300636291504e-01,2.801929473876953125e+00,-9.299877285957336426e-02
-1.533623039722442627e-02,-1.388099431991577148e+00,2.735519886016845703e+00,-7.665526866912841797e-01
-1.237214058637619019e-01,-3.392725586891174316e-01,1.793516397476196289e+00,-1.262586832046508789e+00
-8.026639223098754883e-01,-1.321471452713012695e+00,2.676035404205322266e+00,8.978209495544433594e-01
-8.206309080123901367e-01,-3.273642361164093018e-01,1.869487762451171875e+00,-1.414287388324737549e-01
2.201382398605346680e+00,-2.981162071228027344e+00,-1.903525948524475098e+00,8.490374088287353516e-01
-8.988928794860839844e-01,-2.627015113830566406e+00,4.266944885253906250e+00,1.582581996917724609e+00
2.121839523315429688e-01,-7.527938485145568848e-02,2.415012359619140625e+00,2.953834533691406250e-01
-1.749278008937835693e-01,-9.238559603691101074e-01,1.548003554344177246e+00,-4.201344549655914307e-01
-1.268796443939208984e+00,-1.334750294685363770e+00,3.031877994537353516e+00,6.387582421302795410e-01
5.522998809814453125e+00,5.840746402740478516e+00,4.507958412170410156e+00,7.276201844215393066e-01
-2.891943693161010742e+00,-1.080003499984741211e+00,4.267419338226318359e+00,2.314015150070190430e+00
-1.840156674385070801e+00,-7.216300964355468750e-01,2.993427753448486328e+00,1.439236044883728027e+00
-1.692624688148498535e+00,-4.773945212364196777e-01,2.115357398986816406e+00,1.180389881134033203e+00
2.262621521949768066e-01,-3.638252988457679749e-02,5.622661113739013672e-01,-1.092618465423583984e+00
2.764743328094482422e+00,-4.546426296234130859e+00,-1.617158174514770508e+00,2.352521657943725586e+00
-1.290938973426818848e+00,-9.583891034126281738e-01,2.850602626800537109e+00,9.404793381690979004e-01
-1.161426976323127747e-01,-2.125215679407119751e-01,2.528540611267089844e+00,-4.489302933216094971e-01
-1.075260758399963379e+00,-1.083300113677978516e+00,3.240592956542968750e+00,1.647696495056152344e-01
-2.756095886230468750e+00,3.765417635440826416e-01,1.901919603347778320e+00,1.756456375122070312e+00
1.262694954872131348e+00,-2.653984427452087402e-01,3.626486778259277344e+00,1.062361121177673340e+00
1.049843952059745789e-01,-5.547739863395690918e-01,1.896893143653869629e+00,-6.597766876220703125e-01
-1.313776969909667969e+00,-5.895255208015441895e-01,3.447737693786621094e+00,4.760035872459411621e-01
-9.164123535156250000e-01,-3.096784055233001709e-01,2.102787733078002930e+00,-4.969391524791717529e-01
4.325457215309143066e-01,-1.500190377235412598e+00,2.413633823394775391e+00,-1.162280201911926270e+00
-3.719160258769989014e-01,-1.079863905906677246e+00,1.919367074966430664e+00,-7.082027196884155273e-01
-1.124312400817871094e+00,-4.820335507392883301e-01,2.591347694396972656e+00,2.625356912612915039e-01
4.720941185951232910e-01,-3.178403139114379883e+00,1.369547367095947266e+00,2.193841934204101562e+00
5.068698883056640625e+00,4.053522586822509766e+00,4.325618267059326172e+00,8.947545289993286133e-01
-1.579589486122131348e+00,-1.186475872993469238e+00,2.231910705566406250e+00,1.152221322059631348e+00
2.193796157836914062e+00,8.038699626922607422e-01,4.695455551147460938e+00,2.641998291015625000e+00
-4.248404204845428467e-01,-2.340626716613769531e-02,1.544127345085144043e+00,-6.348843574523925781e-01
-1.517312645912170410e+00,-1.574816823005676270e+00,2.296497344970703125e+00,5.874566435813903809e-01
4.893913269042968750e-01,-6.148188114166259766e-01,2.106754302978515625e+00,-1.008489966392517090e+00
-1.083457469940185547e-01,1.810181885957717896e-02,9.041670560836791992e-01,-1.375281333923339844e+00
-2.157781124114990234e+00,5.004409551620483398e-01,1.450875639915466309e+00,1.189693331718444824e+00
-1.058386683464050293e+00,-1.842013001441955566e+00,3.464828491210937500e+00,1.392159223556518555e+00
3.836148738861083984e+00,1.768139123916625977e+00,6.228435993194580078e+00,2.616650819778442383e+00
2.017630100250244141e+00,9.474701285362243652e-01,3.306420326232910156e+00,1.443533658981323242e+00
9.130597114562988281e-03,-8.395991325378417969e-01,1.835876703262329102e+00,-1.289541959762573242e+00
-6.211181879043579102e-01,1.344911605119705200e-01,1.576854825019836426e+00,-1.283554315567016602e+00
-2.113128423690795898e+00,-1.498264670372009277e+00,4.476320743560791016e+00,2.268665790557861328e+00
2.575857877731323242e+00,1.454082369804382324e+00,2.730892658233642578e+00,7.805275321006774902e-01
-6.101514697074890137e-01,-6.761015057563781738e-01,4.467606246471405029e-01,1.396554708480834961e-01
-4.045951664447784424e-01,-1.445080399513244629e+00,2.247554540634155273e+00,3.089420199394226074e-01
-5.170900374650955200e-02,-6.675015203654766083e-03,2.159075736999511719e+00,-7.344785928726196289e-01
-8.006576895713806152e-01,-8.927966952323913574e-01,1.590325951576232910e+00,3.011414706707000732e-01
1.389637887477874756e-01,-1.014369487762451172e+00,1.864151477813720703e+00,-7.999547719955444336e-01
3.474854826927185059e-01,-2.668364942073822021e-01,2.636078357696533203e+00,4.694208204746246338e-01
2.099578976631164551e-01,-6.723639369010925293e-01,1.049517035484313965e+00,-1.509092748165130615e-01
-1.810782551765441895e+00,1.636173009872436523e+00,1.143844425678253174e-01,-1.272125124931335449e+00
1.744833707809448242e+00,-1.928115844726562500e+00,-2.661934494972229004e-02,1.517792046070098877e-01
-1.687461137771606445e-01,-1.795469403266906738e+00,2.316492557525634766e+00,2.799717783927917480e-01
-1.485540032386779785e+00,-8.676993101835250854e-02,2.461404323577880859e+00,3.349713683128356934e-01
2.888010740280151367e-01,-9.166939258575439453e-01,7.888496518135070801e-01,-1.159267663955688477e+00
1.804467201232910156e+00,2.037216901779174805e+00,3.319803714752197266e+00,1.023830056190490723e+00
-6.749569773674011230e-01,-2.431186586618423462e-01,1.578639745712280273e+00,-1.000044465065002441e+00
-2.253262281417846680e+00,5.630422830581665039e-01,7.437641024589538574e-01,2.816310524940490723e-02
-4.747037887573242188e-01,-8.979640603065490723e-01,1.882291555404663086e+00,1.704440712928771973e-01
-3.651357889175415039e-01,-1.075853586196899414e+00,2.226694583892822266e+00,-2.917629778385162354e-01
-2.650520563125610352e+00,-9.138365983963012695e-01,3.072606563568115234e+00,2.062078714370727539e+00
-2.077409505844116211e+00,-1.552334666252136230e+00,4.507695674896240234e+00,1.834306120872497559e+00
3.064292907714843750e+00,-3.748279213905334473e-01,1.124149322509765625e+00,3.936108112335205078e+00
-1.489406347274780273e+00,6.939873099327087402e-02,2.151803493499755859e+00,6.613683700561523438e-01
-6.392028927803039551e-01,-1.062556862831115723e+00,3.126552581787109375e+00,2.544867396354675293e-01
4.855168819427490234e+00,2.778906822204589844e+00,3.645524024963378906e+00,7.105175256729125977e-01
-2.686178684234619141e+00,-7.460237145423889160e-01,4.259675502777099609e+00,1.397040486335754395e+00
-2.093711048364639282e-01,-4.964088201522827148e-01,2.645869255065917969e+00,-6.809679269790649414e-01
4.530541598796844482e-03,-9.773874878883361816e-01,2.436663150787353516e+00,-5.647082328796386719e-01
-6.403430104255676270e-01,-3.044161945581436157e-02,3.547666072845458984e+00,7.855068445205688477e-01
-5.932066440582275391e-01,-1.024619936943054199e+00,2.857065677642822266e+00,1.022879362106323242e+00
-1.389595568180084229e-01,-5.821492671966552734e-01,1.718887686729431152e+00,-7.362664937973022461e-01
1.063799858093261719e+00,-3.231971979141235352e+00,-2.997521162033081055e-01,2.418241739273071289e+00
-2.455906152725219727e+00,-1.320499420166015625e+00,3.905099868774414062e+00,2.605481147766113281e+00
-1.651340246200561523e+00,-3.897998631000518799e-01,3.303471088409423828e+00,1.449579596519470215e+00
-1.090113162994384766e+00,-1.843135833740234375e+00,2.791463851928710938e+00,1.958166956901550293e+00
-1.532658934593200684e+00,-1.498744249343872070e+00,3.562824249267578125e+00,1.803081035614013672e+00
2.075467348098754883e+00,1.005722880363464355e+00,2.954722404479980469e+00,2.130985707044601440e-01
5.561253070831298828e+00,2.931330680847167969e+00,4.322564125061035156e+00,1.641764640808105469e+00
3.954101502895355225e-01,-1.436220884323120117e+00,1.698713898658752441e+00,7.907852530479431152e-02
-5.870791673660278320e-01,-3.095687329769134521e-01,2.103825360536575317e-01,-9.824849367141723633e-01
-4.806363105773925781e+00,6.988987326622009277e-01,1.536748170852661133e+00,3.841682195663452148e+00
-1.543473601341247559e+00,-7.067419290542602539e-01,2.234081268310546875e+00,7.323156595230102539e-01
-1.523267149925231934e+00,-9.474152326583862305e-01,2.633498668670654297e+00,1.004458904266357422e+00
-1.905885696411132812e+00,-5.090437531471252441e-01,2.879483222961425781e+00,8.443864583969116211e-01
1.749403119087219238e+00,2.130591392517089844e+00,4.058592796325683594e+00,2.269669055938720703e+00
7.490826249122619629e-01,2.345168888568878174e-01,1.739179491996765137e+00,-1.107430160045623779e-01
6.342055797576904297e-01,1.897628307342529297e-01,1.752032279968261719e+00,-2.171626091003417969e+00
-1.540543079376220703e+00,4.035798460245132446e-02,1.335811853408813477e+00,6.838983297348022461e-02
-7.881837338209152222e-02,-9.991649985313415527e-01,2.142762660980224609e+00,-5.540729761123657227e-01
-1.208965107798576355e-01,-5.177658200263977051e-01,2.941755771636962891e+00,-3.460991680622100830e-01
-8.302855491638183594e-01,-9.829155802726745605e-01,2.910415172576904297e+00,6.214293241500854492e-01
-4.159361720085144043e-01,6.680427789688110352e-01,4.335701465606689453e+00,2.793548345565795898e+00
-1.450555682182312012e+00,-1.023955225944519043e+00,2.068198680877685547e+00,7.479965686798095703e-01
4.039660930633544922e+00,2.912979602813720703e+00,5.537754058837890625e+00,4.045251369476318359e+00
2.434595823287963867e+00,2.157623052597045898e+00,2.906681060791015625e+00,1.217311501502990723e+00
-6.123732924461364746e-01,-1.083140492439270020e+00,2.035122871398925781e+00,1.338101625442504883e-01
-3.142616748809814453e-01,-1.224521517753601074e+00,2.042073249816894531e+00,-1.891060173511505127e-01
6.157520413398742676e-01,-2.562553286552429199e-01,2.704928874969482422e+00,2.938056886196136475e-01
-1.866612792015075684e+00,-1.283023595809936523e+00,3.113688468933105469e+00,1.630706191062927246e+00
-1.621489882469177246e+00,-8.951735496520996094e-01,2.091997146606445312e+00,3.334334790706634521e-01
-3.363115489482879639e-01,-8.334455490112304688e-01,2.290608882904052734e+00,-9.519878625869750977e-01
9.343431144952774048e-02,-8.371633291244506836e-01,1.069026231765747070e+00,-1.821339726448059082e+00
-2.002709150314331055e+00,-7.791058421134948730e-01,2.126289606094360352e+00,1.431967616081237793e+00
-6.665320992469787598e-01,-9.052109718322753906e-01,2.149965763092041016e+00,-1.225793361663818359e-02
-7.991055250167846680e-01,5.604830980300903320e-01,1.369040459394454956e-01,-6.440582275390625000e-01
-1.800193190574645996e+00,-1.019815087318420410e+00,3.281254291534423828e+00,1.264159679412841797e+00
-3.367934823036193848e-01,-3.168843984603881836e-01,2.266786336898803711e+00,-1.063154578208923340e+00
-2.449293851852416992e+00,-6.855500936508178711e-01,3.159416675567626953e+00,1.500200748443603516e+00
-1.965093374252319336e+00,-3.649389147758483887e-01,2.409236907958984375e+00,1.188259959220886230e+00
-6.718460917472839355e-01,-1.109641045331954956e-01,3.026091098785400391e+00,-8.676943182945251465e-02
7.346948146820068359e+00,3.825333595275878906e+00,7.158475875854492188e+00,5.281630039215087891e+00
-6.431524157524108887e-01,-7.685190439224243164e-01,1.649274230003356934e+00,1.929084956645965576e-01
-6.368885040283203125e-01,3.761842846870422363e-01,4.531688690185546875e-01,-1.124251008033752441e+00
-1.246326565742492676e-01,-4.859606623649597168e-01,2.199356079101562500e+00,-7.550102472305297852e-01
-8.803570270538330078e-01,7.588511109352111816e-01,1.598240733146667480e+00,-2.396380007266998291e-01
-2.309219837188720703e+00,-1.746621251106262207e+00,3.651269435882568359e+00,2.197543144226074219e+00
-1.129336833953857422e+00,-1.113686203956604004e+00,4.139541149139404297e+00,1.259535908699035645e+00
-4.801040291786193848e-01,-2.117666482925415039e+00,1.823096573352813721e-01,2.082986116409301758e+00
1.573462963104248047e+00,7.036039829254150391e-01,3.595209598541259766e+00,6.273280978202819824e-01
-5.131757259368896484e-01,-1.797439455986022949e+00,3.987832546234130859e+00,2.424335777759552002e-01
-1.379211664199829102e+00,-7.953982353210449219e-01,2.400487899780273438e+00,6.505447030067443848e-01
1.190067410469055176e+00,-2.942020654678344727e+00,-1.055309414863586426e+00,2.503728151321411133e+00
8.896276354789733887e-01,-1.264346957206726074e+00,9.982124567031860352e-01,-6.520059108734130859e-01
-5.688755512237548828e-01,2.129283174872398376e-02,1.085277795791625977e+00,-5.049598217010498047e-01
-5.384564399719238281e-01,-8.286836743354797363e-01,2.893481731414794922e+00,-7.004661560058593750e-01
-8.323409557342529297e-01,-5.060916543006896973e-01,2.233129739761352539e+00,7.033216953277587891e-02
8.248465508222579956e-02,-7.150197029113769531e-01,2.799309253692626953e+00,3.293725848197937012e-02
3.984803855419158936e-01,-1.321434974670410156e+00,1.012533426284790039e+00,-1.092527806758880615e-01
-7.347998023033142090e-01,-5.077965855598449707e-01,8.072325587272644043e-01,2.522677183151245117e-02
-4.430420696735382080e-02,-1.231425285339355469e+00,7.693503499031066895e-01,-6.299618482589721680e-01
-4.388539314270019531e+00,1.602277010679244995e-01,1.277484536170959473e+00,2.926415920257568359e+00
5.129051685333251953e+00,4.081255435943603516e+00,4.674108982086181641e+00,2.999938249588012695e+00
-2.553645610809326172e+00,-9.737216234207153320e-01,4.313211441040039062e+00,1.827383637428283691e+00
-1.243773698806762695e+00,-1.604300618171691895e+00,3.685359954833984375e+00,1.507959127426147461e+00
9.455363750457763672e-01,-2.789495944976806641e+00,-4.570475220680236816e-01,9.146546125411987305e-01
-1.481607317924499512e+00,-1.296596676111221313e-01,1.291404008865356445e+00,9.365996718406677246e-02
-4.761246740818023682e-01,-1.468348741531372070e+00,1.955132246017456055e+00,4.222359359264373779e-01
4.062063217163085938e+00,2.014859676361083984e+00,5.002583503723144531e+00,1.554930686950683594e+00
-4.327857792377471924e-01,-1.308871626853942871e+00,2.781380176544189453e+00,-1.187448620796203613e+00
8.721973747014999390e-02,-6.904767155647277832e-01,3.123440742492675781e+00,8.885642886161804199e-02
