-3.741492033004760742e+00,3.190379738807678223e-01,-1.026922389864921570e-01,4.358081221580505371e-01
-3.699491500854492188e+00,4.092062711715698242e-01,2.836992740631103516e-01,9.024696350097656250e-01
-1.729718804359436035e+00,3.664972782135009766e-01,-1.685463786125183105e+00,2.892660140991210938e+00
-2.124845981597900391e+00,-7.752057909965515137e-01,-6.106462478637695312e-01,9.522778987884521484e-01
-4.549729228019714355e-01,3.927035331726074219e-01,1.854602336883544922e+00,3.057255506515502930e+00
-3.350532293319702148e+00,2.235509395599365234e+00,-6.918174624443054199e-01,-3.081876039505004883e-02
-1.056898832321166992e+00,-4.654780030250549316e-02,-1.179440245032310486e-01,1.361331820487976074e+00
-2.903153657913208008e+00,1.901302933692932129e-01,-2.007241010665893555e+00,1.037427306175231934e+00
-3.661472320556640625e+00,6.731357574462890625e-01,1.118337631225585938e+00,6.834465265274047852e-01
-3.146570205688476562e+00,-2.584012448787689209e-01,-8.189633488655090332e-01,-2.059695124626159668e-01
-1.946169614791870117e+00,-1.267587393522262573e-01,1.670056581497192383e+00,2.621550559997558594e+00
-4.501064300537109375e+00,1.185041189193725586e+00,2.838911294937133789e+00,-4.119169116020202637e-01
-5.866184234619140625e+00,1.751219749450683594e+00,2.406469106674194336e+00,-4.168300628662109375e-01
-3.478160142898559570e+00,-1.508279919624328613e+00,-1.666630029678344727e+00,6.195794343948364258e-01
-1.561190843582153320e+00,-5.902324318885803223e-01,5.605915188789367676e-01,1.091331601142883301e+00
-3.928846120834350586e+00,2.386805534362792969e+00,8.555921912193298340e-01,8.792066574096679688e-02
9.656819701194763184e-02,1.720253467559814453e+00,7.700834870338439941e-01,5.453041791915893555e-01
-2.801504373550415039e+00,4.600319862365722656e-01,2.558878183364868164e+00,3.419706225395202637e-01
-2.911795139312744141e+00,6.429750323295593262e-01,1.583870530128479004e+00,1.092856049537658691e+00
-3.883056402206420898e+00,2.654558897018432617e+00,2.246273756027221680e+00,1.078395962715148926e+00
-1.964056015014648438e+00,8.856134414672851562e-01,-3.630153536796569824e-01,5.184578895568847656e-01
-2.732293367385864258e+00,9.259694814682006836e-01,1.237351298332214355e+00,-1.264295279979705811e-01
-5.603878021240234375e+00,3.065167665481567383e+00,2.621359348297119141e+00,9.421977996826171875e-01
-3.051464080810546875e+00,3.197093963623046875e+00,1.399957180023193359e+00,2.018812656402587891e+00
-2.508350372314453125e+00,1.895543098449707031e+00,1.235172390937805176e+00,4.809920787811279297e-01
-2.863774299621582031e+00,8.263802528381347656e-01,5.753879547119140625e-01,1.972108602523803711e+00
-2.094680309295654297e+00,5.432287454605102539e-01,-5.842072963714599609e-01,2.884314656257629395e-01
-2.185823202133178711e+00,9.216053485870361328e-01,1.336733698844909668e+00,2.361516356468200684e-01
-4.490505218505859375e+00,1.983158111572265625e+00,-7.144019603729248047e-01,-5.791127681732177734e-03
-2.204360961914062500e+00,1.250326871871948242e+00,1.603121995925903320e+00,7.308464050292968750e-01
-2.269117355346679688e+00,1.192125678062438965e+00,8.790110945701599121e-01,-3.296373486518859863e-01
-5.616774559020996094e+00,7.349327802658081055e-01,-1.078491926193237305e+00,2.749164581298828125e+00
-3.483952522277832031e+00,3.168856501579284668e-01,2.768783807754516602e+00,5.013412237167358398e-01
-2.398238182067871094e+00,3.220171332359313965e-01,9.112626314163208008e-01,6.214570999145507812e-01
-4.144805908203125000e+00,1.867912530899047852e+00,3.337629795074462891e+00,-5.428605079650878906e-01
-1.231370091438293457e+00,-5.355541110038757324e-01,2.103428840637207031e+00,2.495402097702026367e+00
-5.202295303344726562e+00,1.689398765563964844e+00,1.004659414291381836e+00,-1.182597637176513672e+00
-1.395078420639038086e+00,-1.031565904617309570e+00,-5.385291576385498047e-01,6.934140920639038086e-01
-1.776830077171325684e+00,-1.034649252891540527e+00,6.927616894245147705e-03,9.171595573425292969e-01
-8.483223617076873779e-02,9.803544282913208008e-01,1.424679398536682129e+00,6.006710529327392578e-01
-4.029393196105957031e+00,2.575692415237426758e+00,2.109277486801147461e+00,-1.550892591476440430e-01
-2.134099960327148438e+00,2.080307245254516602e+00,1.934882104396820068e-01,2.439921617507934570e+00
-2.918308019638061523e+00,-1.685968637466430664e+00,-1.915226340293884277e+00,1.103324055671691895e+00
-1.208407998085021973e+00,3.912319898605346680e+00,2.190070390701293945e+00,5.860854387283325195e-01
-9.703838825225830078e-01,1.839789628982543945e+00,6.042431592941284180e-01,2.484623193740844727e-01
-2.486568450927734375e+00,1.497976541519165039e+00,1.190243363380432129e+00,-3.482875823974609375e-01
-5.140230178833007812e+00,1.358526349067687988e+00,-5.346098542213439941e-01,1.472902297973632812e+00
-6.123106181621551514e-02,1.039639115333557129e-02,1.076233386993408203e+00,5.037173032760620117e-01
1.212816476821899414e+00,-1.069394469261169434e+00,7.705607265233993530e-02,3.656831264495849609e+00
-2.320502519607543945e+00,1.084303617477416992e+00,8.581287264823913574e-01,9.703371524810791016e-01
-4.097490310668945312e+00,9.504853487014770508e-01,6.264123916625976562e-01,7.851794958114624023e-01
-5.314391136169433594e+00,2.778575658798217773e+00,4.619724750518798828e-01,-2.489748299121856689e-01
-2.401353836059570312e+00,-1.791509747505187988e+00,-9.293124675750732422e-01,6.932170391082763672e-01
-2.078260660171508789e+00,2.546362876892089844e+00,1.164849996566772461e+00,-6.351490616798400879e-01
-3.373809814453125000e+00,7.778326272964477539e-01,-1.516310930252075195e+00,1.271793365478515625e+00
-6.095421791076660156e+00,4.254825711250305176e-01,5.809612274169921875e-01,-1.461657583713531494e-01
-1.689819216728210449e+00,6.868349313735961914e-01,1.053780317306518555e-03,1.006977677345275879e+00
-3.988357305526733398e+00,2.826428174972534180e+00,3.006033420562744141e+00,-6.464654803276062012e-01
-5.497648239135742188e+00,2.000326395034790039e+00,1.671983242034912109e+00,-4.313423931598663330e-01
-2.592628955841064453e+00,9.886255264282226562e-01,2.359928935766220093e-02,2.225619316101074219e+00
-2.065111160278320312e+00,-1.771809816360473633e+00,-6.036931276321411133e-01,1.778465986251831055e+00
-8.141345977783203125e-01,-4.563137590885162354e-01,-2.585200667381286621e-01,5.599164962768554688e-01
-3.298803329467773438e+00,-7.985877990722656250e-01,-1.374837279319763184e+00,2.603603005409240723e-01
-3.211541414260864258e+00,1.019544124603271484e+00,1.084443449974060059e+00,6.026601791381835938e-02
-5.558040738105773926e-01,7.314136028289794922e-01,1.987309694290161133e+00,1.655739545822143555e-01
-4.053186416625976562e+00,1.828248262405395508e+00,1.026181459426879883e+00,1.778179407119750977e-02
-8.527886271476745605e-01,6.820546388626098633e-01,1.979192256927490234e+00,3.350070118904113770e-01
-1.638758778572082520e-01,-1.426726698875427246e+00,1.857106685638427734e-01,1.276400566101074219e+00
-7.990401387214660645e-01,1.027337908744812012e-01,-1.180392384529113770e+00,6.286208629608154297e-01
-3.199928998947143555e+00,-6.001497507095336914e-01,-1.878331303596496582e+00,3.641062974929809570e-02
-9.421595335006713867e-01,4.563632607460021973e-02,1.170048236846923828e+00,9.030656814575195312e-01
-1.029119968414306641e+00,5.086575150489807129e-01,9.513193368911743164e-01,7.689396142959594727e-01
-4.351734161376953125e+00,2.467007875442504883e+00,3.157935142517089844e+00,2.371208071708679199e-01
-3.847824096679687500e+00,1.580503582954406738e-01,-3.499271273612976074e-01,1.268465280532836914e+00
-3.136625528335571289e+00,2.097343921661376953e+00,-2.105146348476409912e-01,-8.099591732025146484e-01
-1.573576927185058594e+00,1.872727632522583008e+00,-1.477041959762573242e+00,3.554899692535400391e-01
5.566340088844299316e-01,1.064074039459228516e-01,-1.013686299324035645e+00,1.338418364524841309e+00
-5.286434173583984375e+00,-2.663927972316741943e-01,1.564384937286376953e+00,1.479654312133789062e-01
-1.143773794174194336e+00,-3.849267959594726562e-01,-2.355981767177581787e-01,6.627948284149169922e-01
-6.264474868774414062e+00,1.854006528854370117e+00,-1.590323448181152344e+00,-6.311211585998535156e-01
-1.837847828865051270e-01,2.433930635452270508e-01,-7.213647961616516113e-01,2.924540638923645020e-01
-4.693410873413085938e+00,1.970584630966186523e+00,3.255024194717407227e+00,4.894403219223022461e-01
-1.363239169120788574e+00,-1.580146431922912598e+00,2.886011004447937012e-01,9.211581945419311523e-01
-2.706413745880126953e+00,9.054361581802368164e-01,6.959830522537231445e-01,-6.335334181785583496e-01
-2.676804065704345703e+00,7.155407667160034180e-01,1.794397950172424316e+00,-2.281976342201232910e-01
-4.906900405883789062e+00,1.078739643096923828e+00,1.790447235107421875e+00,-2.403336763381958008e-01
-4.499865531921386719e+00,-8.639442920684814453e-01,1.163325905799865723e+00,-2.355356812477111816e-01
1.097872853279113770e-03,-1.361590862274169922e+00,2.016897797584533691e-01,2.008122444152832031e+00
-4.883080482482910156e+00,-1.972581267356872559e+00,-1.417366266250610352e+00,2.248628139495849609e-01
-4.138709068298339844e+00,1.099647045135498047e+00,-5.706248283386230469e-01,2.869188785552978516e+00
-1.725433349609375000e+00,2.257195949554443359e+00,1.542281806468963623e-01,1.735700845718383789e+00
-4.144688606262207031e+00,2.479396104812622070e+00,3.424463272094726562e+00,1.996243000030517578e+00
-2.518887519836425781e+00,2.586555004119873047e+00,8.486999273300170898e-01,1.700219392776489258e+00
-3.537863254547119141e+00,7.254782915115356445e-01,3.545905351638793945e-01,1.185790777206420898e+00
-3.063013792037963867e+00,2.102860212326049805e+00,2.482804059982299805e+00,7.703655958175659180e-01
-1.705404996871948242e+00,3.476432561874389648e-01,7.224489450454711914e-01,1.338773727416992188e+00
-2.575366973876953125e+00,-5.311371088027954102e-01,-9.466075301170349121e-01,-5.991506576538085938e-02
-1.855792522430419922e+00,-1.326471567153930664e-03,2.197415113449096680e+00,1.689437031745910645e-01
-1.889241695404052734e+00,1.173528313636779785e+00,1.124073863029479980e+00,1.648505330085754395e-01
-3.063331365585327148e+00,-5.525007247924804688e-01,-1.968756914138793945e-01,-6.792962551116943359e-02
-5.398777961730957031e+00,6.296216845512390137e-01,1.159603595733642578e+00,1.674869775772094727e+00
-1.902261734008789062e+00,-3.947592377662658691e-01,-1.574477672576904297e+00,2.348606109619140625e+00
-2.997076511383056641e+00,3.507166147232055664e+00,2.946259021759033203e+00,3.563367128372192383e-01
-3.246985673904418945e+00,-9.850561618804931641e-04,-1.346463561058044434e+00,1.717275381088256836e+00
-2.034831941127777100e-01,1.720191240310668945e-01,9.748437404632568359e-01,1.858188390731811523e+00
-1.982186794281005859e+00,-2.087900638580322266e-01,-1.549889147281646729e-01,2.545261859893798828e+00
-2.485357522964477539e+00,-3.576581776142120361e-01,4.946502447128295898e-01,9.313483238220214844e-01
-2.686561346054077148e+00,1.674774885177612305e+00,-1.005848497152328491e-02,7.405991554260253906e-01
-4.236419677734375000e+00,6.693100929260253906e-01,6.853367686271667480e-01,-3.828539550304412842e-01
-2.946317672729492188e+00,1.951733589172363281e+00,1.003651097416877747e-01,-5.105551481246948242e-01
-2.772586584091186523e+00,1.784626483917236328e+00,9.752495288848876953e-01,2.026131629943847656e+00
-2.386786937713623047e+00,-1.977255702018737793e+00,-1.879289746284484863e+00,2.264858007431030273e+00
-3.995003938674926758e+00,-6.080706119537353516e-01,1.942440271377563477e-01,-2.725847959518432617e-01
-1.749880909919738770e+00,3.535507440567016602e+00,3.303407728672027588e-01,1.396176695823669434e+00
-2.816868543624877930e+00,1.795906782150268555e+00,-8.910040855407714844e-01,-4.711654484272003174e-01
-1.824391722679138184e+00,4.723333716392517090e-01,-2.104630708694458008e+00,2.001873254776000977e+00
-4.249268174171447754e-01,1.409545183181762695e+00,2.173939704895019531e+00,3.255385756492614746e-01
-2.474030494689941406e+00,5.636318206787109375e+00,2.437164783477783203e+00,1.255785346031188965e+00
-2.670675992965698242e+00,-1.694393157958984375e-02,1.690688133239746094e+00,-1.861445009708404541e-01
-2.481063365936279297e+00,1.303178668022155762e+00,8.871292471885681152e-01,-5.000169873237609863e-01
-1.296861410140991211e+00,-2.737876772880554199e-02,9.983789920806884766e-01,1.208896636962890625e+00
-2.048698186874389648e+00,1.470144271850585938e+00,1.224527359008789062e+00,1.232288360595703125e+00
-5.059326171875000000e+00,2.436797857284545898e+00,-4.199323952198028564e-01,1.119027018547058105e+00
-2.567250013351440430e+00,6.099503040313720703e-01,1.349850177764892578e+00,6.723061800003051758e-01
-4.018076896667480469e+00,2.128204345703125000e+00,9.870202541351318359e-01,-3.405887484550476074e-01
-1.318530321121215820e+00,1.261629462242126465e+00,-7.150521278381347656e-01,-1.721388101577758789e-01
-5.872130393981933594e+00,4.128743171691894531e+00,2.762358188629150391e+00,3.693400025367736816e-01
-4.001875877380371094e+00,2.439129114151000977e+00,1.348088741302490234e+00,-5.593400597572326660e-01
-2.878544092178344727e+00,9.809985160827636719e-01,1.532499432563781738e+00,1.435254573822021484e+00
-2.028100728988647461e+00,1.016175508499145508e+00,7.897425889968872070e-01,7.876712083816528320e-01
-5.685581207275390625e+00,2.612339019775390625e+00,2.006542205810546875e+00,-8.838919997215270996e-01
-4.544252395629882812e+00,1.763531208038330078e+00,4.830487966537475586e-01,-6.325489282608032227e-01
-6.153792381286621094e+00,4.123942375183105469e+00,2.494755506515502930e+00,-3.166032135486602783e-01
-3.146258115768432617e+00,2.594142198562622070e+00,2.363202095031738281e+00,1.598868966102600098e-01
-7.089210748672485352e-01,5.909048318862915039e-01,6.156801581382751465e-01,5.162189006805419922e-01
-4.741559982299804688e+00,1.082923650741577148e+00,-7.709828615188598633e-01,7.572865486145019531e-02
-2.365658044815063477e+00,1.599136471748352051e+00,1.771697998046875000e+00,1.069046020507812500e+00
-1.160597681999206543e+00,2.447736978530883789e+00,1.625784039497375488e+00,3.074992299079895020e-01
-4.197255134582519531e+00,2.018112897872924805e+00,9.892125129699707031e-01,6.810845136642456055e-01
-2.340800046920776367e+00,7.363219261169433594e-01,4.209401309490203857e-01,5.408782958984375000e-01
-1.489406108856201172e+00,2.297623634338378906e+00,1.686047673225402832e+00,-3.748810589313507080e-01
-1.716601610183715820e+00,-3.719000220298767090e-01,-1.244408249855041504e+00,6.237400770187377930e-01
-2.153219223022460938e+00,2.283556699752807617e+00,1.319254159927368164e+00,1.284503579139709473e+00
-3.808815002441406250e+00,-1.737380504608154297e+00,-3.524242937564849854e-01,4.288676977157592773e-01
-5.409803390502929688e+00,-2.391678541898727417e-01,-6.050441861152648926e-01,-2.471306920051574707e-01
9.799243509769439697e-02,6.599318981170654297e-01,1.155733942985534668e+00,1.961051940917968750e+00
-4.856402397155761719e+00,2.077780246734619141e+00,-1.051387906074523926e+00,2.005658388137817383e+00
-3.666935682296752930e+00,7.689043283462524414e-01,1.730965733528137207e+00,1.105998039245605469e+00
-7.074291110038757324e-01,-6.494467258453369141e-01,-2.566142678260803223e-01,1.267297267913818359e+00
-3.765935420989990234e+00,3.051295757293701172e+00,1.875594973564147949e+00,8.444594144821166992e-01
-1.029404759407043457e+00,1.222426414489746094e+00,1.482334375381469727e+00,2.569330692291259766e+00
-2.381623268127441406e+00,1.887013673782348633e+00,1.337370872497558594e+00,-9.429897069931030273e-01
-2.064487457275390625e+00,2.984388828277587891e+00,2.820314168930053711e+00,7.863867282867431641e-01
-4.629261970520019531e+00,1.807293653488159180e+00,1.795832991600036621e+00,7.302033901214599609e-02
-3.989580869674682617e+00,-1.657507777214050293e+00,7.091956138610839844e-01,1.935490965843200684e-01
-4.760041236877441406e+00,4.119331359863281250e+00,1.808667540550231934e+00,5.704333782196044922e-01
-3.168661594390869141e+00,-8.064025640487670898e-01,8.291165828704833984e-01,4.132931232452392578e-01
-3.560915946960449219e+00,-1.312972754240036011e-01,3.267644345760345459e-02,3.199886679649353027e-01
-2.948848485946655273e+00,3.042626619338989258e+00,1.990161895751953125e+00,4.504685401916503906e-01
-1.197013139724731445e+00,-4.811558723449707031e-01,1.645184159278869629e+00,1.572546958923339844e+00
1.049046993255615234e+00,-7.687810659408569336e-01,-1.880193829536437988e+00,1.872211217880249023e+00
-2.164015293121337891e+00,1.235667705535888672e+00,1.767159819602966309e+00,9.256889820098876953e-01
-3.506329774856567383e+00,3.035596132278442383e+00,3.112711429595947266e+00,1.538873910903930664e+00
-3.124512672424316406e+00,-1.848893314599990845e-01,-7.245200872421264648e-02,7.182297706604003906e-01
-3.721359968185424805e+00,2.536105394363403320e+00,9.060726165771484375e-01,2.001693487167358398e+00
-3.282968997955322266e+00,-5.509454011917114258e-02,4.628865718841552734e-01,7.268309593200683594e-03
-5.263228416442871094e+00,1.189439773559570312e+00,1.189515352249145508e+00,-5.706903934478759766e-01
-1.888839483261108398e+00,-4.636492729187011719e-01,1.160879254341125488e+00,2.644723057746887207e-01
-5.207087516784667969e+00,2.222850799560546875e+00,1.315084338188171387e+00,-8.665249347686767578e-01
-3.990095376968383789e+00,1.057053089141845703e+00,8.302369713783264160e-01,3.000849485397338867e-01
-4.934097290039062500e+00,1.138895273208618164e+00,1.809738755226135254e+00,1.519938707351684570e+00
-2.946628808975219727e+00,5.805342197418212891e-01,-4.636787176132202148e-01,4.808595180511474609e-01
-1.815258145332336426e+00,2.059995651245117188e+00,3.224544525146484375e+00,6.229177713394165039e-01
-3.143768072128295898e+00,2.856843471527099609e-01,-6.406814455986022949e-01,-4.329287409782409668e-01
-3.351233959197998047e+00,9.080570936203002930e-02,-1.766783356666564941e+00,4.935995340347290039e-01
-8.856412172317504883e-01,-4.625685513019561768e-01,1.931776404380798340e-01,1.163334846496582031e+00
-2.537167072296142578e+00,1.378022313117980957e+00,1.820808649063110352e-01,1.143599987030029297e+00
-4.540934562683105469e+00,2.708168983459472656e+00,4.424892067909240723e-01,2.249633789062500000e+00
-2.725156068801879883e+00,1.389869570732116699e+00,1.794004440307617188e+00,2.040015459060668945e-01
-1.966562747955322266e+00,-1.037106513977050781e+00,-1.886098504066467285e+00,6.011115312576293945e-01
-4.989258766174316406e+00,9.191289544105529785e-02,6.346721053123474121e-01,-9.061260819435119629e-01
-1.679899930953979492e+00,3.978246450424194336e-02,-5.432792901992797852e-01,1.888178348541259766e+00
-5.993373870849609375e+00,2.295703887939453125e+00,3.237151861190795898e+00,-9.494939446449279785e-01
-1.015178203582763672e+00,-4.179500341415405273e-01,4.971976876258850098e-01,1.363286375999450684e-01
-2.130664110183715820e+00,2.337393164634704590e-01,-6.310323476791381836e-01,-1.567822992801666260e-01
-5.814050674438476562e+00,2.706007480621337891e+00,2.745698928833007812e+00,-1.131160020828247070e+00
-3.607654809951782227e+00,1.068506836891174316e+00,1.483527660369873047e+00,-1.394760012626647949e-01
-3.197993993759155273e+00,-2.822456061840057373e-01,3.702425956726074219e-01,2.774178743362426758e+00
-2.291090011596679688e+00,-5.202865600585937500e-01,-7.244399189949035645e-01,6.102133989334106445e-01
-9.672237634658813477e-01,-4.847228527069091797e-03,-3.381034731864929199e-01,1.189415454864501953e-01
-3.201592206954956055e+00,1.005684733390808105e+00,1.121731400489807129e+00,3.559963107109069824e-01
-2.599889278411865234e+00,-2.596785724163055420e-01,1.313780248165130615e-01,2.179659843444824219e+00
-1.466539859771728516e+00,3.562738180160522461e+00,2.411807537078857422e+00,7.187079191207885742e-01
-1.484709501266479492e+00,5.697805881500244141e-01,1.393533110618591309e+00,3.388677835464477539e-01
-2.483391761779785156e+00,-7.677469849586486816e-01,-9.579252600669860840e-01,6.532074213027954102e-01
-1.117588639259338379e+00,6.373439431190490723e-01,-6.015145778656005859e-01,2.839384078979492188e+00
-2.136549472808837891e+00,1.321251392364501953e+00,4.185800552368164062e-01,-2.168260812759399414e-01
-1.559808015823364258e+00,-8.718129396438598633e-01,-1.061851024627685547e+00,2.774168252944946289e+00
-4.474268913269042969e+00,2.795745134353637695e-01,-7.226746678352355957e-01,2.567278146743774414e+00
-3.292538881301879883e+00,2.817152261734008789e+00,3.018450498580932617e+00,7.326776981353759766e-01
-3.542695045471191406e+00,2.270145654678344727e+00,7.292543649673461914e-01,-2.126626074314117432e-01
-4.603369712829589844e+00,2.731526136398315430e+00,8.277220726013183594e-01,5.441461801528930664e-01
-4.315773963928222656e+00,8.908929824829101562e-01,1.189683079719543457e+00,1.524698257446289062e+00
-2.651898860931396484e+00,2.265904426574707031e+00,2.323163032531738281e+00,-4.360651373863220215e-01
-4.512157440185546875e+00,2.282691955566406250e+00,6.424300074577331543e-01,-9.520090222358703613e-01
-5.780334472656250000e+00,2.087110757827758789e+00,1.097413063049316406e+00,-7.487547397613525391e-02
-2.854628086090087891e+00,-7.908530831336975098e-01,8.300492763519287109e-01,5.838687419891357422e-01
-2.522553443908691406e+00,1.475805640220642090e+00,5.653446167707443237e-02,3.826990127563476562e-01
-5.869209289550781250e+00,-6.404876708984375000e-02,2.629808485507965088e-01,1.182230710983276367e-01
-2.501572847366333008e+00,1.094351768493652344e+00,7.983899712562561035e-01,3.333405256271362305e-01
3.476667404174804688e-01,1.535987854003906250e-01,-2.475601732730865479e-01,1.817742347717285156e+00
-2.054210901260375977e+00,-1.012300252914428711e+00,9.024063348770141602e-01,1.817615509033203125e+00
-2.698091030120849609e+00,8.765391111373901367e-01,2.616897225379943848e-01,-1.430606842041015625e-01
-2.703390359878540039e+00,1.318218827247619629e+00,1.036172986030578613e+00,4.640711545944213867e-01
-5.699008941650390625e+00,1.687706470489501953e+00,7.205602526664733887e-01,-2.456825971603393555e-02
-1.448878288269042969e+00,-7.649100422859191895e-01,5.063673257827758789e-01,1.058261632919311523e+00
-5.636792182922363281e+00,1.232484579086303711e-01,-1.163295865058898926e+00,-9.230982065200805664e-01
-5.574536323547363281e+00,9.518312215805053711e-01,2.410073995590209961e+00,-6.893719434738159180e-01
-3.302275896072387695e+00,4.317423701286315918e-01,2.778759002685546875e-01,7.985770702362060547e-03
-4.674875259399414062e+00,1.249995946884155273e+00,3.384128808975219727e+00,2.770426273345947266e-01
-2.994946002960205078e+00,-1.265087604522705078e+00,1.201752781867980957e+00,2.010618448257446289e+00
-1.072259068489074707e+00,5.157425999641418457e-01,-6.553394198417663574e-01,4.068164348602294922e+00
-1.337983012199401855e-01,7.690455913543701172e-01,5.546795129776000977e-01,1.291265487670898438e+00
-1.106813669204711914e+00,-3.451960086822509766e-01,1.874524354934692383e-01,1.163079977035522461e+00
-4.361273765563964844e+00,1.085932254791259766e-01,2.334369897842407227e+00,3.951693773269653320e-01
-2.971310377120971680e+00,7.976616621017456055e-01,6.402629017829895020e-01,-8.516502380371093750e-02
-1.797934532165527344e+00,-8.663861155509948730e-01,-1.684697866439819336e-01,7.674351930618286133e-01
-1.690509080886840820e+00,1.418859124183654785e+00,1.136770248413085938e+00,5.199738740921020508e-01
-1.689328432083129883e+00,-5.313290357589721680e-01,-1.230246901512145996e+00,2.445909023284912109e+00
-4.058264732360839844e+00,1.505243778228759766e+00,4.839327335357666016e-01,-1.066856265068054199e+00
-2.366948604583740234e+00,4.254722595214843750e-01,4.477941989898681641e-01,-9.827378392219543457e-02
-3.813289880752563477e+00,-2.336081862449645996e-01,4.121958315372467041e-01,6.015541553497314453e-01
-3.094305753707885742e+00,1.250915408134460449e+00,-8.997308611869812012e-01,1.326382398605346680e+00
-3.114367961883544922e+00,2.495775222778320312e+00,2.584954977035522461e+00,1.717486381530761719e-01
-1.766574978828430176e+00,-1.204253435134887695e+00,-4.276410937309265137e-01,5.187265872955322266e-01
-2.404197454452514648e+00,3.224474787712097168e-01,5.658630132675170898e-01,8.453060388565063477e-01
-5.163814544677734375e+00,7.276297807693481445e-01,1.875505685806274414e+00,-6.515820622444152832e-01
-1.426948785781860352e+00,1.716295480728149414e+00,-7.240730524063110352e-01,1.270668506622314453e+00
-2.586938142776489258e+00,1.375361680984497070e+00,1.710370659828186035e+00,7.756545543670654297e-01
-4.423470497131347656e+00,1.242151737213134766e+00,1.696548700332641602e+00,7.686442136764526367e-02
-1.660491943359375000e+00,8.718687295913696289e-01,3.313248872756958008e+00,2.461237668991088867e+00
-1.234622955322265625e+00,8.714325428009033203e-01,-1.920534729957580566e+00,4.831644296646118164e-01
-2.372272729873657227e+00,1.067093849182128906e+00,1.134934544563293457e+00,-1.955324113368988037e-01
-1.683531165122985840e+00,1.670562744140625000e+00,-9.289913177490234375e-01,2.005294561386108398e+00
-1.921383380889892578e+00,1.110916733741760254e+00,1.162564039230346680e+00,-3.206145763397216797e-02
-3.431616067886352539e+00,2.053853511810302734e+00,1.450061321258544922e+00,3.136130571365356445e-01
-8.126145601272583008e-01,-4.771067500114440918e-01,4.841126203536987305e-01,3.616461157798767090e-01
-2.753716230392456055e+00,-1.785052895545959473e+00,-2.273021221160888672e+00,1.423007488250732422e+00
-1.934135913848876953e+00,-6.695718765258789062e-01,-3.115879595279693604e-01,1.855309009552001953e+00
-1.396602511405944824e+00,-1.667387962341308594e+00,-7.351900935173034668e-01,2.392289876937866211e+00
-1.892693519592285156e+00,6.515232920646667480e-01,-2.126629948616027832e-01,2.911544799804687500e+00
-2.819879055023193359e+00,1.702954769134521484e+00,3.125219583511352539e+00,1.351623296737670898e+00
-3.338725090026855469e+00,4.460507631301879883e-01,7.572484761476516724e-02,3.285043239593505859e-01
-1.665333867073059082e+00,2.240248322486877441e-01,-7.405680418014526367e-01,1.420414328575134277e+00
-3.522241592407226562e+00,2.759825229644775391e+00,1.246121525764465332e-02,4.477276802062988281e-01
-2.507526636123657227e+00,1.151537418365478516e+00,1.780121445655822754e+00,1.560721397399902344e-01
-3.081800639629364014e-01,-7.756372094154357910e-01,2.350158691406250000e+00,9.343960285186767578e-01
-5.125301361083984375e+00,2.634134769439697266e+00,3.068048715591430664e+00,-2.475120127201080322e-01
-3.710795640945434570e+00,2.819083452224731445e+00,1.652617812156677246e+00,9.906356334686279297e-01
-1.094574093818664551e+00,3.500184416770935059e-01,-8.825546503067016602e-01,-4.456900060176849365e-01
-5.191014289855957031e+00,-8.576341271400451660e-01,-1.484972536563873291e-01,-1.967065632343292236e-01
-4.044717788696289062e+00,2.041105985641479492e+00,1.469489336013793945e+00,-5.639952421188354492e-02
4.206872880458831787e-01,-5.015104413032531738e-01,-1.277251124382019043e+00,1.334968209266662598e+00
-6.203164100646972656e+00,1.668343067169189453e+00,1.136047363281250000e+00,-1.280417919158935547e+00
-2.808228492736816406e+00,-4.777246713638305664e-02,1.576169967651367188e+00,9.071006774902343750e-01
-4.425549507141113281e+00,2.686523914337158203e+00,3.527247905731201172e+00,1.028219580650329590e+00
-3.818618059158325195e+00,-1.836658120155334473e+00,-1.047135949134826660e+00,5.492043495178222656e-01
-4.650659561157226562e+00,1.894292831420898438e+00,5.293004512786865234e-01,-1.098232269287109375e+00
-3.409583568572998047e+00,-1.186874151229858398e+00,-1.798750311136245728e-01,7.976906299591064453e-01
-4.044220924377441406e+00,-7.819460630416870117e-01,-1.345434069633483887e+00,2.225238084793090820e-01
-2.596275329589843750e+00,1.155659794807434082e+00,4.861122965812683105e-01,1.233581185340881348e+00
-1.763163089752197266e+00,-2.076387405395507812e-03,5.576331615447998047e-01,6.768175363540649414e-01
-6.252362251281738281e+00,9.838495254516601562e-01,2.332834899425506592e-02,-7.360857725143432617e-01
-4.663203239440917969e+00,-1.747403025627136230e+00,-3.033014774322509766e+00,1.022016763687133789e+00
-5.257519721984863281e+00,3.757967352867126465e-01,1.733174681663513184e+00,1.572152853012084961e+00
-3.508236646652221680e+00,-7.548459768295288086e-01,-2.431687831878662109e+00,1.136615276336669922e+00
-1.621891379356384277e+00,1.910423994064331055e+00,4.306037724018096924e-02,2.063602805137634277e-01
-7.578918337821960449e-01,2.560992956161499023e+00,2.384507417678833008e+00,2.435874700546264648e+00
2.297041565179824829e-02,-5.909174680709838867e-01,4.655791521072387695e-01,-3.122568130493164062e-03
-4.224380493164062500e+00,3.534976482391357422e+00,1.499558210372924805e+00,7.192058563232421875e-01
-5.491879582405090332e-01,-3.597440421581268311e-01,-1.637562632560729980e+00,-9.302914142608642578e-02
-3.378925561904907227e+00,-7.626577615737915039e-01,5.181640386581420898e-01,1.675439357757568359e+00
-4.960539817810058594e+00,1.653063654899597168e+00,9.219970703125000000e-01,-7.809124588966369629e-01
-5.111506462097167969e+00,2.426527500152587891e+00,1.248423814773559570e+00,2.910961508750915527e-01
6.835635900497436523e-01,-1.228037834167480469e+00,2.410909235477447510e-01,1.975730419158935547e+00
-4.249128341674804688e+00,3.565965890884399414e+00,2.643834590911865234e+00,2.173618674278259277e-01
-8.191123604774475098e-01,-1.149373769760131836e+00,-4.287728965282440186e-01,3.368583917617797852e-01
-1.284506797790527344e+00,-2.416354417800903320e+00,-2.160871267318725586e+00,2.368535757064819336e+00
-1.992994785308837891e+00,-6.002551317214965820e-02,1.074598908424377441e+00,1.458756327629089355e-01
-2.928444385528564453e+00,-3.809604644775390625e-01,1.690196990966796875e+00,6.739197969436645508e-01
-3.216964006423950195e+00,1.706662416458129883e+00,2.744464397430419922e+00,5.353330373764038086e-01
-4.606470108032226562e+00,-9.487497806549072266e-02,3.185869753360748291e-02,-4.440734088420867920e-01
-6.202560424804687500e+00,2.751671552658081055e+00,1.468946456909179688e+00,4.261642694473266602e-02
-4.438129425048828125e+00,1.023959040641784668e+00,2.809356749057769775e-01,1.997011899948120117e+00
-1.914783000946044922e+00,9.820899963378906250e-01,7.244656085968017578e-01,1.617115259170532227e+00
-1.853390097618103027e+00,-1.222843974828720093e-01,8.536158800125122070e-01,7.386010885238647461e-01
-4.047968864440917969e+00,3.645201325416564941e-01,-1.118290066719055176e+00,2.175705671310424805e+00
-3.404839754104614258e+00,2.671664953231811523e+00,-1.336035132408142090e-01,1.212586164474487305e+00
-2.791969537734985352e+00,2.975967407226562500e+00,1.441544294357299805e+00,-8.056398630142211914e-01
-1.504241347312927246e+00,1.041800498962402344e+00,1.568045616149902344e-01,5.532120466232299805e-01
-3.188385963439941406e+00,1.386507630348205566e+00,1.193253755569458008e+00,1.037855863571166992e+00
-4.807875633239746094e+00,1.711178779602050781e+00,-1.883481264114379883e+00,4.401879310607910156e-01
-1.479328632354736328e+00,-1.194018602371215820e+00,-7.844607830047607422e-01,-5.905723571777343750e-02
-3.844263553619384766e+00,8.317539095878601074e-02,-9.569261074066162109e-01,3.847595453262329102e-01
-1.154883503913879395e+00,4.756350517272949219e-01,-8.834055066108703613e-02,8.433502912521362305e-01
-1.813984632492065430e+00,4.620918631553649902e-01,2.143380045890808105e-01,8.793737888336181641e-01
-3.428471803665161133e+00,6.596626043319702148e-01,-9.004052281379699707e-01,2.807544469833374023e-01
-2.228853225708007812e+00,1.588204979896545410e+00,8.816633224487304688e-01,1.294674038887023926e+00
1.428505480289459229e-01,-7.242308259010314941e-01,2.498306035995483398e-01,9.749543666839599609e-01
-5.945541381835937500e+00,9.631336927413940430e-01,5.390591621398925781e-01,2.902967333793640137e-01
-5.199786186218261719e+00,3.289557695388793945e+00,1.481145381927490234e+00,9.870644807815551758e-01
-3.461895465850830078e+00,2.859181761741638184e-01,3.498008847236633301e-01,-3.849658370018005371e-01
1.188086867332458496e-01,-8.508827090263366699e-01,-1.214809536933898926e+00,1.519740819931030273e+00
-3.372387170791625977e+00,3.445314407348632812e+00,2.001718044281005859e+00,2.128013610839843750e+00
-4.585945129394531250e+00,-1.527009129524230957e+00,-9.395737200975418091e-02,-5.548477768898010254e-01
-3.299041748046875000e+00,5.202031731605529785e-01,-1.324719488620758057e-01,-5.698290467262268066e-01
-5.297114372253417969e+00,2.328366041183471680e+00,1.908282995223999023e+00,-1.047546982765197754e+00
-4.778993606567382812e+00,8.328431844711303711e-01,-4.333292543888092041e-01,3.969881534576416016e-01
-5.170039176940917969e+00,4.050818443298339844e+00,2.785842895507812500e+00,3.204758167266845703e-01
-7.664602279663085938e+00,2.996154069900512695e+00,4.316646575927734375e+00,-9.961841106414794922e-01
-3.515859127044677734e+00,-1.114270925521850586e+00,1.311780095100402832e+00,1.848366856575012207e-01
-2.124467134475708008e+00,1.319429993629455566e+00,3.294015645980834961e+00,8.374367952346801758e-01
2.221907377243041992e-01,1.767688393592834473e-01,-1.564441561698913574e+00,1.592992305755615234e+00
-2.231841683387756348e-01,-1.130858778953552246e+00,-1.141840338706970215e+00,1.349842548370361328e+00
-1.386515021324157715e+00,-1.745770335197448730e+00,-4.576055705547332764e-01,1.277786254882812500e+00
-2.817590475082397461e+00,-1.798545002937316895e+00,-6.104611158370971680e-01,5.355634689331054688e-01
-1.509272098541259766e+00,6.467931866645812988e-01,4.904488325119018555e-01,-9.324105978012084961e-01
-5.616409301757812500e+00,1.035656809806823730e+00,1.269059777259826660e+00,-3.884109854698181152e-01
-2.738362550735473633e+00,2.626737833023071289e+00,-1.727160066366195679e-02,4.460451602935791016e-01
-2.437938928604125977e+00,2.242705583572387695e+00,2.226040124893188477e+00,2.006181478500366211e-01
-1.274433255195617676e+00,3.437539935111999512e-01,-1.198420286178588867e+00,1.369230985641479492e+00
-6.568386077880859375e+00,2.690561532974243164e+00,-7.559134960174560547e-01,1.831345796585083008e+00
-3.127169609069824219e+00,9.600855112075805664e-01,1.464596867561340332e+00,-8.750360012054443359e-01
-3.966039419174194336e+00,2.946418523788452148e+00,1.756006240844726562e+00,1.602891206741333008e+00
1.638003230094909668e+00,-1.534000158309936523e+00,-2.533785104751586914e+00,3.868373394012451172e+00
-6.625680923461914062e+00,1.137631297111511230e+00,1.105310082435607910e+00,-1.522442102432250977e+00
-7.124483585357666016e-01,-7.143115997314453125e-01,-1.244710087776184082e+00,1.511451721191406250e+00
-5.768014907836914062e+00,2.138444662094116211e+00,2.906488895416259766e+00,-5.073518157005310059e-01
-3.034917116165161133e+00,-1.297269105911254883e+00,1.137988194823265076e-01,3.886032104492187500e-02
-3.836415410041809082e-01,4.200409054756164551e-01,-4.629463255405426025e-01,4.138025045394897461e-01
-4.742214202880859375e+00,3.246520757675170898e-01,-7.057853937149047852e-01,-1.812544822692871094e+00
-2.853256702423095703e+00,9.207991361618041992e-01,1.020401835441589355e+00,1.063011527061462402e+00
-1.626028537750244141e+00,-2.262516736984252930e+00,-7.434483766555786133e-01,1.549874067306518555e+00
-3.576945066452026367e+00,1.004058957099914551e+00,4.536892175674438477e-01,2.158870697021484375e-01
-4.028116226196289062e+00,1.168405294418334961e+00,1.522378325462341309e+00,8.263524770736694336e-01
-2.664705514907836914e+00,6.111096143722534180e-01,3.176698386669158936e-01,-4.274805188179016113e-01
-4.877264976501464844e+00,1.604975223541259766e+00,1.862877905368804932e-01,1.776712179183959961e+00
-4.991049766540527344e+00,7.013140916824340820e-01,1.164610624313354492e+00,1.317992806434631348e+00
-1.730161309242248535e+00,-4.086819589138031006e-01,-5.472444891929626465e-01,1.122341156005859375e+00
-6.301502227783203125e+00,3.145238399505615234e+00,2.582600831985473633e+00,9.079470634460449219e-01
-1.682828545570373535e+00,-1.827814340591430664e+00,-4.702098667621612549e-01,1.217122197151184082e+00
-2.114478111267089844e+00,1.372347474098205566e+00,1.623701453208923340e+00,4.078792929649353027e-01
-5.785041809082031250e+00,4.087655067443847656e+00,3.598669767379760742e+00,1.440475225448608398e+00
-6.334497451782226562e+00,2.593166589736938477e+00,3.568950891494750977e+00,-7.784525752067565918e-01
-1.350843787193298340e+00,1.940859794616699219e+00,1.915951609611511230e+00,-7.496994733810424805e-02
-3.430315494537353516e+00,2.495790123939514160e-01,-1.196859717369079590e+00,1.338020682334899902e+00
-1.482338666915893555e+00,-4.577967226505279541e-01,-1.195155262947082520e+00,-1.188820600509643555e-02
-1.667267799377441406e+00,-3.371100127696990967e-01,2.432657718658447266e+00,7.853962182998657227e-01
-5.275097846984863281e+00,3.563494682312011719e-01,1.039814829826354980e+00,4.343485832214355469e-01
-1.750020146369934082e+00,2.928985953330993652e-01,1.055518865585327148e+00,1.879257917404174805e+00
-1.810867309570312500e+00,-3.542985618114471436e-01,-5.109624862670898438e-01,-1.384140849113464355e-01
-2.420112133026123047e+00,4.865531325340270996e-01,-1.096693515777587891e+00,1.192736744880676270e+00
-3.527405858039855957e-02,1.207790732383728027e+00,5.436075478792190552e-02,2.679031133651733398e+00
-6.066287994384765625e+00,1.190426111221313477e+00,1.848299741744995117e+00,-6.842982769012451172e-01
-1.911487340927124023e+00,-4.219405055046081543e-01,1.849745750427246094e+00,8.353364467620849609e-01
-4.229065895080566406e+00,2.035859346389770508e+00,1.065368533134460449e+00,1.441340923309326172e+00
-1.997700691223144531e+00,-1.789386630058288574e+00,-6.642870306968688965e-01,1.308768272399902344e+00
-2.393323183059692383e+00,1.190550088882446289e+00,-2.753294706344604492e-01,-3.935771584510803223e-01
-3.074294090270996094e+00,7.329463958740234375e-02,-7.004104256629943848e-01,-1.920431554317474365e-01
6.095588207244873047e-03,-2.516797304153442383e+00,1.433129310607910156e-01,2.013507843017578125e+00
-2.232492685317993164e+00,1.970978498458862305e+00,1.632810711860656738e+00,-2.951254844665527344e-01
-3.486339807510375977e+00,2.561067104339599609e+00,1.567289352416992188e+00,-5.391854047775268555e-02
3.088235259056091309e-01,8.041882514953613281e-02,-4.177261292934417725e-01,5.607057809829711914e-01
-3.811980724334716797e+00,1.764200448989868164e+00,4.469085931777954102e-01,1.358908295631408691e+00
-2.888969421386718750e+00,8.755801916122436523e-01,2.693310499191284180e+00,3.093472123146057129e-01
-6.484210014343261719e+00,2.602481842041015625e+00,8.944056630134582520e-01,-2.413620352745056152e-01
-3.355745315551757812e+00,1.105822682380676270e+00,5.764832496643066406e-01,3.764380216598510742e-01
-2.164876461029052734e-02,4.665723443031311035e-01,1.979395151138305664e+00,2.074052333831787109e+00
-2.740871429443359375e+00,-2.367896735668182373e-01,2.713262438774108887e-01,1.041761159896850586e+00
-3.022875547409057617e+00,2.035609483718872070e-01,1.270153760910034180e+00,2.938162088394165039e-01
-4.286702156066894531e+00,5.190699100494384766e-01,-4.919770061969757080e-01,4.251231551170349121e-01
-1.455644130706787109e+00,-3.394305408000946045e-01,1.520183563232421875e+00,8.507072925567626953e-03
-5.213537216186523438e+00,2.085268020629882812e+00,1.878847241401672363e+00,5.616883039474487305e-01
-2.618752479553222656e+00,2.271496295928955078e+00,1.228055596351623535e+00,7.848100662231445312e-01
-7.048387527465820312e+00,3.583557844161987305e+00,1.517297863960266113e+00,4.010782241821289062e-01
-2.067366838455200195e+00,-8.447201848030090332e-01,1.599531173706054688e+00,5.565388202667236328e-01
-5.831624984741210938e+00,-1.584794074296951294e-01,-1.154587864875793457e+00,4.389280080795288086e-02
-4.375378608703613281e+00,1.697475910186767578e+00,1.048083543777465820e+00,-1.186048388481140137e+00
-2.881859540939331055e+00,1.687882423400878906e+00,1.000710010528564453e+00,2.055583238601684570e+00
-3.465435504913330078e+00,9.797226190567016602e-01,-1.043233633041381836e+00,3.546999096870422363e-01
2.195778369903564453e+00,-1.850203394889831543e+00,-2.200086712837219238e-01,2.143335342407226562e+00
-3.912448644638061523e+00,-3.274053037166595459e-01,-2.951540052890777588e-01,1.585437059402465820e-01
-2.798651933670043945e+00,3.970938444137573242e+00,2.774444103240966797e+00,1.289981722831726074e+00
-1.120411872863769531e+00,2.956793785095214844e+00,6.379317641258239746e-01,-3.639874756336212158e-01
6.621050834655761719e-02,-1.296270728111267090e+00,-8.522760868072509766e-01,8.729658126831054688e-01
-2.604887723922729492e+00,2.389927864074707031e+00,6.776714920997619629e-01,4.466915130615234375e-01
-9.994106292724609375e-01,1.060805082321166992e+00,-3.659471869468688965e-01,2.158635258674621582e-01
-4.546338081359863281e+00,1.987997531890869141e+00,1.889662861824035645e+00,1.493095636367797852e+00
-3.257774591445922852e+00,2.463385820388793945e+00,2.628559112548828125e+00,-1.548390686511993408e-01
-3.987941503524780273e+00,7.223855257034301758e-01,2.153363704681396484e+00,3.662964701652526855e-01
-3.973523855209350586e+00,2.486369132995605469e+00,1.421879053115844727e+00,7.036535739898681641e-01
-2.324158191680908203e+00,-5.617642402648925781e-01,-9.454396367073059082e-01,2.821891307830810547e-01
-3.663398742675781250e+00,1.706105947494506836e+00,2.488632440567016602e+00,4.320408105850219727e-01
-1.914222002029418945e+00,-4.909379780292510986e-01,-5.638679265975952148e-01,1.423900008201599121e+00
-3.679159402847290039e+00,-1.102463304996490479e-01,8.086570352315902710e-02,1.021581888198852539e-02
-6.016230583190917969e-01,1.249073028564453125e+00,3.188815116882324219e+00,1.187204957008361816e+00
-3.232511758804321289e+00,-3.980087637901306152e-01,1.772161006927490234e+00,1.983892917633056641e+00
-2.191642999649047852e+00,-3.139085769653320312e-01,-1.794130086898803711e+00,-5.364778637886047363e-01
-3.319289207458496094e+00,-7.866337299346923828e-01,5.560591220855712891e-01,6.195166110992431641e-01
-2.665490150451660156e+00,-5.364653468132019043e-01,1.172026276588439941e+00,1.264731287956237793e+00
-4.000342369079589844e+00,1.945641279220581055e+00,2.777190923690795898e+00,-5.910694599151611328e-03
-4.539722442626953125e+00,-2.999584674835205078e-01,-1.808328628540039062e+00,-5.299174189567565918e-01
-3.907349824905395508e+00,2.678686857223510742e+00,1.783027291297912598e+00,4.532102346420288086e-01
-2.190724611282348633e+00,-1.412777304649353027e+00,1.711677312850952148e+00,4.550775289535522461e-01
-2.608635187149047852e+00,7.776325941085815430e-01,-1.434049308300018311e-01,-9.556752443313598633e-01
-3.707556724548339844e+00,2.797459125518798828e+00,8.102947473526000977e-01,8.282382488250732422e-01
-3.485326528549194336e+00,-7.211090326309204102e-01,-1.962680220603942871e+00,-1.989312767982482910e-01
-2.213923454284667969e+00,-5.642846226692199707e-01,2.030103802680969238e-01,5.173093080520629883e-01
-3.805836200714111328e+00,2.950276732444763184e-01,3.670412302017211914e-02,1.286773085594177246e-01
-4.010486602783203125e+00,1.042103886604309082e+00,-1.467274188995361328e+00,-7.140846848487854004e-01
-2.548474788665771484e+00,-2.552260756492614746e-01,1.561004638671875000e+00,2.849068045616149902e-01
-4.441844940185546875e+00,2.474614381790161133e+00,2.754361391067504883e+00,-8.738464117050170898e-01
-2.119256019592285156e+00,9.991915225982666016e-01,-7.321439385414123535e-01,7.200703620910644531e-01
-2.677685976028442383e+00,3.230371475219726562e-01,1.274662733078002930e+00,-3.857124447822570801e-01
-3.664890766143798828e+00,2.298211336135864258e+00,1.358863353729248047e+00,-4.948790073394775391e-01
-3.993080377578735352e+00,4.199905395507812500e+00,2.590888023376464844e+00,4.017294645309448242e-01
6.113424897193908691e-01,-2.230806827545166016e+00,-7.645824551582336426e-01,2.076950788497924805e+00
-1.680284738540649414e+00,4.701953530311584473e-01,-1.937707960605621338e-01,1.100362539291381836e+00
-4.853957176208496094e+00,1.810289859771728516e+00,1.891832470893859863e+00,-6.791002154350280762e-01
-1.151814103126525879e+00,1.898235321044921875e+00,9.277639389038085938e-01,6.237515211105346680e-01
-1.794657826423645020e+00,-2.483190298080444336e-01,-1.844166517257690430e+00,1.010386943817138672e-01
-1.803202033042907715e+00,9.361485242843627930e-01,7.707029581069946289e-01,1.272062778472900391e+00
-1.901659965515136719e-01,1.643832564353942871e+00,-8.635870218276977539e-01,8.366236686706542969e-01
4.722631871700286865e-01,1.304072976112365723e+00,6.825015693902969360e-02,1.586233615875244141e+00
-2.926115274429321289e+00,-1.717079430818557739e-01,2.337569594383239746e-01,-5.018254518508911133e-01
-6.074150800704956055e-01,6.156172752380371094e-01,1.466778635978698730e+00,-3.494695425033569336e-01
-5.194358229637145996e-01,-1.687388122081756592e-01,-1.135771632194519043e+00,3.105741024017333984e+00
-3.698141098022460938e+00,-4.015554189682006836e-01,-8.953720331192016602e-03,-3.638983964920043945e-01
-2.794893264770507812e+00,-3.651180267333984375e-01,-1.031904935836791992e+00,6.770591735839843750e-01
-3.739674806594848633e+00,1.917131423950195312e+00,1.544556379318237305e+00,4.093121290206909180e-01
-3.276039123535156250e+00,3.550362348556518555e+00,-1.922655701637268066e-01,1.960531473159790039e+00
-3.012658596038818359e+00,8.834021091461181641e-01,1.097528815269470215e+00,4.908219575881958008e-01
-2.247158527374267578e+00,-6.096881628036499023e-01,-1.740781068801879883e+00,1.979620695114135742e+00
-2.603444814682006836e+00,2.781109094619750977e+00,1.138986945152282715e+00,-1.759823858737945557e-01
-1.541923642158508301e+00,1.234192371368408203e+00,6.627922654151916504e-01,-3.217498660087585449e-01
-5.529893875122070312e+00,1.645513057708740234e+00,3.026178836822509766e+00,9.519352912902832031e-01
-9.217512607574462891e-01,1.068861126899719238e+00,2.614701986312866211e-01,4.673883914947509766e-01
-5.950053334236145020e-01,6.629364490509033203e-01,6.550109386444091797e-01,1.480036735534667969e+00
-2.871437311172485352e+00,5.989149212837219238e-01,4.914095997810363770e-01,1.477475881576538086e+00
-4.066110253334045410e-01,-1.816076636314392090e-01,-1.442910194396972656e+00,9.452103376388549805e-01
-5.073979377746582031e+00,3.681120157241821289e+00,2.137155532836914062e+00,3.746528029441833496e-01
-4.738889694213867188e+00,1.510158181190490723e+00,1.482585430145263672e+00,-3.573739528656005859e-01
-1.299814343452453613e+00,-5.170171856880187988e-01,-1.713666677474975586e+00,5.692039728164672852e-01
-3.343467712402343750e+00,3.651798248291015625e+00,3.256986141204833984e+00,1.262535572052001953e+00
7.021406888961791992e-01,-1.447111010551452637e+00,-6.228902339935302734e-01,9.723743200302124023e-01
-3.082504987716674805e+00,2.854102253913879395e-01,-5.882869362831115723e-01,5.121525526046752930e-01
-5.660519599914550781e+00,1.119181036949157715e+00,9.051554799079895020e-01,1.706903219223022461e+00
-3.133008480072021484e+00,-1.047042846679687500e+00,-1.331924676895141602e+00,-2.357492446899414062e-01
-2.146850824356079102e+00,8.365141153335571289e-01,6.427118182182312012e-01,-3.722726404666900635e-01
-2.358414411544799805e+00,1.626284718513488770e+00,4.322658181190490723e-01,9.473266601562500000e-01
-2.245820045471191406e+00,-1.211031436920166016e+00,2.360314428806304932e-01,-2.897936999797821045e-01
-3.751427888870239258e+00,8.784979581832885742e-01,-3.053271770477294922e-01,8.770669698715209961e-01
-7.470552623271942139e-02,1.747819781303405762e-02,5.482147932052612305e-01,7.909989356994628906e-02
-6.032057404518127441e-01,-7.242488861083984375e-01,7.304365634918212891e-01,1.644805669784545898e+00
-2.073037624359130859e+00,-1.588751554489135742e+00,-1.484583616256713867e+00,7.012213468551635742e-01
-3.992558717727661133e+00,1.203783869743347168e+00,4.821140766143798828e-01,3.298025727272033691e-01
-2.914735555648803711e+00,1.787617206573486328e-01,1.137586712837219238e+00,2.866510748863220215e-01
-3.997120261192321777e-01,5.194485187530517578e-03,1.179859519004821777e+00,9.144587516784667969e-01
-3.071295738220214844e+00,-5.157222747802734375e-01,8.427127003669738770e-01,1.899419546127319336e+00
-7.029430270195007324e-01,-1.537667989730834961e+00,-1.185872077941894531e+00,1.499067306518554688e+00
-4.614894866943359375e+00,1.289849519729614258e+00,1.191560626029968262e+00,4.732451438903808594e-01
-6.247036933898925781e+00,1.505186319351196289e+00,2.814715385437011719e+00,3.019472956657409668e-01
-3.134197473526000977e+00,1.964846849441528320e+00,-4.538429975509643555e-01,4.741165637969970703e-01
-4.535470962524414062e+00,2.274021148681640625e+00,5.427052974700927734e-01,1.148990869522094727e+00
-4.457410573959350586e-01,-9.573762416839599609e-01,2.601969242095947266e-01,1.522271156311035156e+00
-1.340470671653747559e+00,-8.507961630821228027e-01,-3.922665417194366455e-01,9.206157922744750977e-01
-2.292227983474731445e+00,1.137622833251953125e+00,-5.579888820648193359e-01,8.166708946228027344e-01
-4.856163978576660156e+00,1.040535330772399902e+00,1.269344925880432129e+00,-9.531008601188659668e-01
-7.313778996467590332e-01,1.929007291793823242e+00,1.695888638496398926e+00,1.489325046539306641e+00
-6.093028068542480469e+00,3.137426614761352539e+00,-6.926695257425308228e-02,1.224142670631408691e+00
-1.234492421150207520e+00,3.142536878585815430e-01,1.808351159095764160e+00,1.223324656486511230e+00
-4.147604942321777344e+00,1.490199565887451172e-01,1.864143133163452148e+00,1.018488407135009766e+00
-2.629075050354003906e+00,-9.081673622131347656e-02,9.588069915771484375e-01,2.504184246063232422e-01
-1.611572742462158203e+00,-1.707673192024230957e+00,-5.765737891197204590e-01,7.347949743270874023e-01
-7.696616649627685547e-01,1.057847261428833008e+00,1.237858295440673828e+00,1.157608032226562500e+00
-3.251122474670410156e+00,9.278053045272827148e-01,1.185633063316345215e+00,-3.520635366439819336e-01
-2.701152086257934570e+00,2.282441258430480957e-01,1.679876923561096191e+00,4.408744573593139648e-01
-7.475133895874023438e+00,7.674598693847656250e-01,3.175108909606933594e+00,6.512337923049926758e-01
-1.433228135108947754e+00,4.410721778869628906e+00,2.121923208236694336e+00,7.424658536911010742e-01
-4.483227729797363281e+00,2.726239919662475586e+00,1.706993937492370605e+00,3.023176193237304688e-01
-3.025471925735473633e+00,8.684265613555908203e-02,1.488096356391906738e+00,1.151274561882019043e+00
-2.714212179183959961e+00,2.199520826339721680e+00,2.478459477424621582e-01,1.054782032966613770e+00
-2.140513896942138672e+00,3.754670619964599609e-01,-8.251931071281433105e-01,-2.096792161464691162e-01
-4.896816253662109375e+00,3.147113561630249023e+00,1.291172742843627930e+00,9.496951103210449219e-01
-4.169703483581542969e+00,1.888879060745239258e+00,2.251924753189086914e+00,1.897336483001708984e+00
-3.200497388839721680e+00,3.350672483444213867e+00,2.587704181671142578e+00,1.250168204307556152e+00
-2.307483196258544922e+00,1.863516569137573242e-01,-3.944163918495178223e-01,2.196328043937683105e-01
-3.978512048721313477e+00,-5.046532154083251953e-01,1.369699597358703613e+00,1.173232913017272949e+00
-5.170312881469726562e+00,-1.585789084434509277e+00,-3.716560304164886475e-01,1.333720088005065918e-01
1.294217258691787720e-01,1.749919652938842773e-01,5.848594903945922852e-01,9.944493770599365234e-01
-3.141942977905273438e+00,-1.247717380523681641e+00,1.069978997111320496e-01,9.830802679061889648e-01
-1.662827730178833008e+00,7.024744749069213867e-01,9.654537588357925415e-02,7.806328535079956055e-01
-3.355154037475585938e+00,1.340494632720947266e+00,-2.331386208534240723e-01,8.107879161834716797e-01
-2.048661231994628906e+00,1.695084095001220703e+00,1.451739668846130371e+00,2.745660543441772461e-01
3.168734908103942871e-01,1.716895103454589844e+00,2.525452673435211182e-01,1.094550371170043945e+00
-5.736586570739746094e+00,4.475599288940429688e+00,4.428048610687255859e+00,-2.111378014087677002e-01
-1.500513911247253418e+00,2.415653705596923828e+00,-2.278262674808502197e-01,7.071759700775146484e-01
-4.279628753662109375e+00,1.275861740112304688e+00,1.554018259048461914e+00,5.128625631332397461e-01
-2.509391784667968750e+00,-1.998014807701110840e+00,-3.139272332191467285e-01,1.298781633377075195e+00
-2.438648462295532227e+00,6.374113559722900391e-01,1.037925407290458679e-01,6.857988834381103516e-01
-4.386112213134765625e+00,1.232513546943664551e+00,1.261959314346313477e+00,-1.954078078269958496e-01
-2.477325916290283203e+00,-9.471006691455841064e-02,1.186828613281250000e+00,7.327449321746826172e-01
-1.205188274383544922e+00,-9.211653470993041992e-01,-1.281877160072326660e+00,1.096205711364746094e+00
-4.764055252075195312e+00,2.360744237899780273e+00,1.179973602294921875e+00,2.968779802322387695e+00
-5.522506713867187500e+00,2.624928712844848633e+00,1.404693961143493652e+00,9.513806104660034180e-01
-3.917034387588500977e+00,2.813853502273559570e+00,1.542907595634460449e+00,1.300425171852111816e+00
-5.402751922607421875e+00,2.191308259963989258e+00,1.972846508026123047e+00,-7.713807225227355957e-01
-5.493621826171875000e+00,3.375623941421508789e+00,2.596707105636596680e+00,8.192929029464721680e-01
-1.716120362281799316e+00,1.728540420532226562e+00,2.377817153930664062e+00,7.218475341796875000e-01
-2.315703392028808594e+00,-7.838945984840393066e-01,-2.446810007095336914e+00,1.066219687461853027e+00
-2.172664403915405273e+00,5.951410531997680664e-01,-1.139659523963928223e+00,2.006309628486633301e-01
-2.485635519027709961e+00,2.775742292404174805e+00,1.703638076782226562e+00,-9.209689497947692871e-01
-3.460134506225585938e+00,1.053751826286315918e+00,1.680451035499572754e+00,-2.604293823242187500e-02
-4.984055519104003906e+00,1.939634799957275391e+00,1.054543256759643555e+00,1.363007307052612305e+00
-4.335722923278808594e+00,1.661627292633056641e+00,2.082822084426879883e+00,2.650969624519348145e-01
-3.281558513641357422e+00,4.779544830322265625e+00,5.820082873106002808e-02,1.350022315979003906e+00
-1.148587822914123535e+00,2.634550333023071289e-01,-4.782466292381286621e-01,1.287764787673950195e+00
-3.628828525543212891e+00,1.557923078536987305e+00,7.647311091423034668e-01,1.451476812362670898e+00
-3.727746009826660156e+00,3.964404344558715820e+00,2.327628850936889648e+00,-2.892702817916870117e-01
-4.464403152465820312e+00,1.947978258132934570e+00,3.318887948989868164e-01,1.395756006240844727e+00
-4.833911895751953125e+00,9.838414192199707031e-01,2.250067710876464844e+00,-8.090223670005798340e-01
-3.012567043304443359e+00,2.112558126449584961e+00,-6.207554340362548828e-01,1.839238882064819336e+00
-2.419487833976745605e-01,-1.434740066528320312e+00,-1.089187622070312500e+00,8.185895681381225586e-01
-3.522237539291381836e+00,2.458343267440795898e+00,2.438986301422119141e+00,5.123493671417236328e-01
-2.583718061447143555e+00,5.358296036720275879e-01,9.000937342643737793e-01,8.948833942413330078e-01
-4.036696434020996094e+00,3.367013335227966309e-01,3.575742959976196289e+00,4.611537456512451172e-01
-1.180225133895874023e+00,-9.094110131263732910e-02,-1.908156394958496094e+00,1.986123085021972656e+00
-5.741387367248535156e+00,3.110546112060546875e+00,3.053401231765747070e+00,7.654865980148315430e-01
-2.073340892791748047e+00,1.110248446464538574e+00,1.298584461212158203e+00,2.189357042312622070e+00
-2.757647514343261719e+00,2.256739139556884766e+00,1.516278982162475586e+00,1.861202716827392578e-01
-2.685324668884277344e+00,-1.148634254932403564e-01,-1.181979060173034668e+00,-9.531673789024353027e-02
-1.458447337150573730e+00,3.838810324668884277e-01,-4.158615469932556152e-01,1.098466515541076660e-01
-1.969805955886840820e+00,-7.396535277366638184e-01,-1.337002635002136230e+00,1.251013994216918945e+00
-2.252578735351562500e+00,-4.018881022930145264e-01,1.581770479679107666e-01,4.407360553741455078e-01
2.095522135496139526e-01,-6.592335700988769531e-01,-2.285258769989013672e-01,-9.793141484260559082e-02
-2.926549911499023438e+00,1.812511682510375977e+00,1.363076329231262207e+00,8.760708570480346680e-01
-4.943290710449218750e+00,2.050198316574096680e+00,2.069124221801757812e+00,-4.667872190475463867e-01
-2.073542118072509766e+00,-8.702135086059570312e-01,8.433820009231567383e-01,8.317406177520751953e-01
-4.792768478393554688e+00,3.365011215209960938e+00,3.513334751129150391e+00,-6.946679949760437012e-02
-4.754671096801757812e+00,2.585119962692260742e+00,3.411481618881225586e+00,-2.250629663467407227e-01
-2.908349037170410156e+00,5.979526042938232422e-02,5.075719952583312988e-01,8.821771144866943359e-01
-3.410779237747192383e+00,9.011697769165039062e-01,-3.262621462345123291e-01,-6.233523488044738770e-01
-4.861470222473144531e+00,1.904046773910522461e+00,1.963449716567993164e+00,-5.312156677246093750e-01
-6.546154975891113281e+00,3.484322786331176758e+00,3.659888505935668945e+00,-8.965387940406799316e-02
-3.924741506576538086e+00,1.667971849441528320e+00,2.322082996368408203e+00,9.656999111175537109e-01
-2.636598825454711914e+00,1.518092036247253418e+00,1.637324333190917969e+00,-5.856233835220336914e-02
-5.340789556503295898e-01,1.978778123855590820e+00,1.717918992042541504e+00,7.048020362854003906e-01
-5.257372856140136719e+00,2.126794338226318359e+00,2.997666120529174805e+00,-2.388966083526611328e-01
-2.431031703948974609e+00,9.354442358016967773e-01,2.790310859680175781e+00,5.405782461166381836e-01
-4.822656631469726562e+00,3.568190097808837891e+00,3.576432943344116211e+00,-1.244680583477020264e-01
-2.605313777923583984e+00,2.147826671600341797e+00,1.289110183715820312e-01,-1.022984027862548828e+00
3.365487456321716309e-01,6.128340363502502441e-01,-7.480654120445251465e-01,1.138239741325378418e+00
-4.740116119384765625e+00,1.114377260208129883e+00,1.795680880546569824e+00,-2.846647500991821289e-01
-1.492561459541320801e+00,-9.824853539466857910e-01,-3.725968003273010254e-01,1.144876241683959961e+00
-2.211523056030273438e+00,8.387683629989624023e-01,2.224472910165786743e-02,7.166194915771484375e-01
-4.118378639221191406e+00,6.673755645751953125e-01,1.122852206230163574e+00,3.447257280349731445e-01
-6.227657318115234375e+00,3.553069233894348145e-01,7.458280324935913086e-01,-6.494799852371215820e-01
-1.613724946975708008e+00,1.526511549949645996e+00,2.206085443496704102e+00,-3.361219167709350586e-02
-3.697689056396484375e+00,2.456598043441772461e+00,4.761939644813537598e-01,1.928571701049804688e+00
-2.426047801971435547e+00,4.451408386230468750e-01,1.040572673082351685e-02,8.156980276107788086e-01
-4.633388519287109375e+00,2.600011229515075684e-02,2.024496555328369141e+00,-3.123226761817932129e-01
-3.332633018493652344e+00,2.004744768142700195e+00,2.025229692459106445e+00,1.427249193191528320e+00
-5.650732040405273438e+00,5.257883071899414062e-01,-3.029567003250122070e-01,1.520540714263916016e+00
-3.176377058029174805e+00,9.653917551040649414e-01,9.338932037353515625e-01,-1.051109790802001953e+00
-1.156093955039978027e+00,-4.469203948974609375e-02,3.367250263690948486e-01,7.352719306945800781e-01
-2.687049627304077148e+00,2.611927986145019531e+00,2.523496150970458984e-01,4.923760890960693359e-01
-2.560977935791015625e+00,1.414246082305908203e+00,6.275933980941772461e-01,-1.624906957149505615e-01
-3.906358003616333008e+00,1.047580480575561523e+00,1.515596210956573486e-01,1.726989030838012695e+00
-3.009468555450439453e+00,-9.134114980697631836e-01,-7.598633766174316406e-01,-7.878226041793823242e-02
-2.508116960525512695e+00,7.435156106948852539e-01,7.376851439476013184e-01,1.047220230102539062e-01
-3.412653207778930664e+00,4.980715513229370117e-01,1.179482817649841309e+00,-8.662852048873901367e-01
-5.599457740783691406e+00,3.331970691680908203e+00,3.081637144088745117e+00,6.269150972366333008e-01
-2.662693977355957031e+00,-1.148598909378051758e+00,5.044300556182861328e-01,5.209752321243286133e-01
-2.319597482681274414e+00,1.840898990631103516e+00,-2.151156365871429443e-01,8.747972249984741211e-01
-4.127216935157775879e-01,7.219974994659423828e-01,1.483605384826660156e+00,8.316726684570312500e-01
-4.403489112854003906e+00,-1.707326173782348633e+00,-6.119108796119689941e-01,7.330936193466186523e-01
-3.768385410308837891e+00,2.536746978759765625e+00,1.700291156768798828e+00,6.601295471191406250e-01
-2.270002126693725586e+00,2.510267019271850586e+00,6.914468854665756226e-02,1.986536979675292969e+00
-2.566932141780853271e-01,3.843410611152648926e-01,1.451928019523620605e-01,1.062690496444702148e+00
-9.916391372680664062e-01,-1.231225490570068359e+00,-1.433439135551452637e+00,6.960233449935913086e-01
-2.519712209701538086e+00,1.983569383621215820e+00,1.384708583354949951e-01,8.737932443618774414e-01
-1.910928964614868164e+00,-1.108314692974090576e-01,7.698296308517456055e-01,9.168934822082519531e-01
-2.773238182067871094e+00,2.288809418678283691e-01,-1.300954103469848633e+00,1.789104938507080078e+00
-4.135813713073730469e+00,1.120715141296386719e+00,1.300377964973449707e+00,3.902496099472045898e-01
-3.497916698455810547e+00,5.682334899902343750e-01,1.612588524818420410e+00,8.149771690368652344e-01
-2.846983671188354492e+00,-2.166185826063156128e-01,6.815065145492553711e-01,2.171046137809753418e-01
-2.774248600006103516e+00,3.086969137191772461e+00,1.311248183250427246e+00,-1.003289937973022461e+00
-3.611945390701293945e+00,1.808610916137695312e+00,1.928097963333129883e+00,-7.854064702987670898e-01
-3.394017696380615234e+00,1.204549551010131836e+00,1.790548682212829590e+00,-1.182070970535278320e-01
-3.421660184860229492e+00,2.024048805236816406e+00,2.489907026290893555e+00,8.893107175827026367e-01
-4.222845077514648438e+00,2.033426761627197266e+00,1.647252678871154785e+00,-8.558324575424194336e-01
-4.472608566284179688e+00,1.242052793502807617e+00,-3.086485862731933594e-01,-2.173080146312713623e-01
-2.598070383071899414e+00,1.421882748603820801e+00,-6.469412446022033691e-01,7.383391857147216797e-01
-2.443998813629150391e+00,3.690694570541381836e-01,4.162361025810241699e-01,2.641256451606750488e-01
-4.614739418029785156e+00,1.981261491775512695e+00,2.361674308776855469e-01,6.385856866836547852e-02
-4.415627479553222656e+00,5.999802350997924805e-01,2.463177442550659180e+00,-4.950828850269317627e-01
-1.754328131675720215e+00,1.398185253143310547e+00,5.057889819145202637e-01,1.050308942794799805e+00
-2.471557617187500000e+00,7.240788936614990234e-01,-8.677291870117187500e-02,-1.186214447021484375e+00
-4.225912094116210938e+00,3.552170753479003906e+00,1.442321419715881348e+00,2.442512035369873047e+00
-2.740368604660034180e+00,-1.701091229915618896e-01,5.802495032548904419e-02,-3.887104988098144531e-02
-3.411714315414428711e+00,6.178350448608398438e-01,-8.492089509963989258e-01,-3.932737410068511963e-01
-2.177214145660400391e+00,-1.303386092185974121e+00,-7.789629697799682617e-01,7.285555601119995117e-01
-5.132640004158020020e-01,1.074504017829895020e+00,-3.499837219715118408e-01,1.241401433944702148e+00
-3.128417730331420898e+00,4.384861588478088379e-01,-1.165797710418701172e+00,5.049291849136352539e-01
-1.768881797790527344e+00,-3.361573815345764160e-02,-7.063603997230529785e-01,-2.496349811553955078e-02
-1.572021842002868652e+00,1.808533191680908203e+00,1.621531724929809570e+00,1.048806905746459961e+00
-5.525060296058654785e-01,3.122119307518005371e-01,2.040443897247314453e+00,7.862486839294433594e-01
-1.141894817352294922e+00,7.069466114044189453e-01,1.612121939659118652e+00,8.699343204498291016e-01
-4.514414787292480469e+00,1.956103563308715820e+00,3.651943206787109375e-01,-5.362032651901245117e-01
-4.332098960876464844e+00,1.286428570747375488e+00,1.526961803436279297e+00,-6.219074130058288574e-02
-3.619434118270874023e+00,2.183938980102539062e+00,6.757134199142456055e-01,1.636437177658081055e-01
-3.364589214324951172e+00,3.413938283920288086e-01,1.760958194732666016e+00,1.814101934432983398e+00
-4.708332061767578125e+00,-2.158331125974655151e-01,-1.200707316398620605e+00,4.280815720558166504e-01
-2.795167207717895508e+00,7.048721313476562500e-01,1.001986980438232422e+00,2.509453892707824707e-01
-1.383084416389465332e+00,1.860725641250610352e+00,1.670506119728088379e+00,-2.838714420795440674e-01
-2.782216787338256836e+00,-2.974034547805786133e-01,-2.067270994186401367e+00,1.609189033508300781e+00
-6.010079383850097656e-01,-8.600912690162658691e-01,1.559828639030456543e+00,1.448292493820190430e+00
-2.049003839492797852e+00,1.754657983779907227e+00,1.161631226539611816e+00,3.164092898368835449e-01
-3.604861497879028320e+00,1.563243985176086426e+00,1.492138147354125977e+00,-4.459817111492156982e-01
-1.887371063232421875e+00,-1.346318960189819336e+00,-8.184598386287689209e-02,5.830818414688110352e-02
-6.135587692260742188e+00,4.077470779418945312e+00,3.096095800399780273e+00,7.565542459487915039e-01
-1.967977762222290039e+00,1.783868551254272461e+00,4.056535661220550537e-01,3.109818696975708008e-02
-1.203528046607971191e+00,1.688753604888916016e+00,2.020088911056518555e+00,1.121668934822082520e+00
-3.391969442367553711e+00,1.006297349929809570e+00,-2.433526992797851562e+00,-1.670711636543273926e-01
-3.999415636062622070e+00,2.981542587280273438e+00,5.129421353340148926e-01,4.080041646957397461e-01
-1.119831085205078125e+00,1.573621630668640137e-01,-3.910121917724609375e-01,9.824770689010620117e-01
-4.361815452575683594e+00,2.228248357772827148e+00,4.062288254499435425e-02,1.329363107681274414e+00
-4.203788757324218750e+00,9.505439996719360352e-01,1.649634361267089844e+00,9.132566452026367188e-01
-3.392243862152099609e+00,3.984900712966918945e+00,1.213708519935607910e+00,7.277677059173583984e-01
-1.480700075626373291e-01,-1.026448369026184082e+00,1.490932464599609375e+00,1.365703701972961426e+00
-1.735860705375671387e+00,1.569242477416992188e+00,-1.212672710418701172e+00,3.362016081809997559e-01
-4.230627059936523438e+00,1.541632771492004395e+00,2.187584877014160156e+00,-4.097627401351928711e-01
-2.619230270385742188e+00,8.793557882308959961e-01,-5.815711617469787598e-01,-1.670375466346740723e-01
-3.760603904724121094e+00,1.542153716087341309e+00,1.117343425750732422e+00,3.553345799446105957e-01
6.457235664129257202e-02,-8.349140882492065430e-01,-1.154221177101135254e+00,3.355829715728759766e-01
-1.189112067222595215e+00,1.499462127685546875e+00,6.189758777618408203e-01,8.134043216705322266e-02
-3.958075046539306641e-01,1.954380989074707031e+00,-1.537448406219482422e+00,1.618900299072265625e+00
-2.945870637893676758e+00,-6.003534793853759766e-01,-1.524714976549148560e-01,5.509002208709716797e-01
-1.503475904464721680e+00,1.399919033050537109e+00,6.364853382110595703e-01,-1.796536147594451904e-01
-3.249011754989624023e+00,2.133126020431518555e+00,-2.265678644180297852e-01,1.739720344543457031e+00
-3.586598157882690430e+00,1.537103891372680664e+00,1.920951485633850098e+00,-3.843843340873718262e-01
-6.113880157470703125e+00,-1.633039712905883789e+00,-8.030676841735839844e-01,2.034653902053833008e+00
-1.358186125755310059e+00,-1.094041347503662109e+00,-4.431491494178771973e-01,7.673379182815551758e-01
-2.449211597442626953e+00,2.036771297454833984e+00,1.850176692008972168e+00,-4.032655358314514160e-01
-1.656149029731750488e+00,4.496263265609741211e-01,9.998538345098495483e-02,1.804467201232910156e+00
-3.663561582565307617e+00,2.057841300964355469e+00,1.202639266848564148e-01,-2.948677837848663330e-01
-4.319264411926269531e+00,1.500411748886108398e+00,5.367227196693420410e-01,2.286611318588256836e+00
-1.457292556762695312e+00,7.525861263275146484e-01,-5.156825780868530273e-01,2.265246629714965820e+00
-2.449432134628295898e+00,1.672278642654418945e-01,1.399702191352844238e+00,7.807974815368652344e-01
-4.397048950195312500e+00,2.048989772796630859e+00,1.118538260459899902e+00,1.159819960594177246e-01
-5.058800697326660156e+00,2.782378196716308594e+00,9.418430328369140625e-01,1.085951328277587891e+00
-4.952367782592773438e+00,2.204255104064941406e+00,1.380517363548278809e+00,-2.786522805690765381e-01
-5.685047149658203125e+00,2.437401294708251953e+00,2.083459615707397461e+00,-1.432137727737426758e+00
-2.631950139999389648e+00,-6.902266740798950195e-01,-8.407115340232849121e-01,1.312931776046752930e-01
-4.377553939819335938e+00,2.030080795288085938e+00,3.224268436431884766e+00,1.127943277359008789e+00
-1.810713768005371094e+00,-6.253551244735717773e-01,-2.797001004219055176e-01,1.488249778747558594e+00
-5.234967231750488281e+00,9.721020460128784180e-01,6.117649078369140625e-01,1.780170202255249023e+00
-4.414014816284179688e+00,2.707930564880371094e+00,1.110997200012207031e+00,-3.166883587837219238e-01
3.558852076530456543e-01,8.154352903366088867e-01,-4.197296798229217529e-01,1.099449276924133301e+00
-3.688549757003784180e+00,2.566636085510253906e+00,-3.299209177494049072e-01,2.904118537902832031e+00
-3.643456459045410156e+00,-6.740796566009521484e-02,2.326018571853637695e+00,4.447785615921020508e-01
-5.833860397338867188e+00,-4.125555157661437988e-01,2.889677524566650391e+00,8.201727867126464844e-01
-2.416179895401000977e+00,9.560780525207519531e-01,1.636254429817199707e+00,4.319352507591247559e-01
-3.439572572708129883e+00,2.016489982604980469e+00,1.836276531219482422e+00,6.349586248397827148e-01
-3.437530994415283203e+00,2.371695041656494141e+00,1.707119464874267578e+00,9.986754655838012695e-01
-2.841580867767333984e+00,6.191072463989257812e-01,2.105409622192382812e+00,2.244915366172790527e-01
-5.294087409973144531e+00,1.465541839599609375e+00,1.306772589683532715e+00,1.683452725410461426e-01
-9.530591964721679688e-01,2.432822465896606445e+00,1.112766742706298828e+00,5.706516504287719727e-01
-2.797026634216308594e-01,1.231271028518676758e-01,2.431599378585815430e+00,1.418863415718078613e+00
-1.115739345550537109e+00,9.390920400619506836e-01,-3.468412458896636963e-01,1.422076106071472168e+00
-2.871776103973388672e+00,-1.449432253837585449e+00,-1.170605272054672241e-01,7.391780614852905273e-01
-2.974508762359619141e+00,9.094816446304321289e-01,2.082780897617340088e-01,2.540360093116760254e-01
-1.999809741973876953e+00,-6.147305369377136230e-01,3.819607198238372803e-01,1.678147554397583008e+00
-5.660741806030273438e+00,2.663671255111694336e+00,2.617775917053222656e+00,-1.138051271438598633e+00
-3.635729312896728516e+00,-8.981651067733764648e-02,-2.612864375114440918e-01,1.759645700454711914e+00
-3.391744852066040039e+00,8.259710669517517090e-02,-1.024451255798339844e+00,-2.023159563541412354e-01
-4.124779701232910156e+00,2.934346437454223633e+00,4.698616862297058105e-01,-6.014555692672729492e-02
-3.905727148056030273e+00,1.617231369018554688e+00,-2.082834020256996155e-02,1.322069048881530762e+00
-1.881183624267578125e+00,1.439620733261108398e+00,1.808757781982421875e-01,-2.474652826786041260e-01
-5.210875511169433594e+00,1.448307156562805176e+00,1.082037687301635742e+00,-3.316920995712280273e-01
-2.559994220733642578e+00,1.159948825836181641e+00,-3.898645341396331787e-01,-5.930662155151367188e-04
-3.515902519226074219e+00,2.859883308410644531e+00,1.852093219757080078e+00,8.081854581832885742e-01
-3.100492358207702637e-01,1.128477692604064941e+00,7.812551259994506836e-01,5.369968414306640625e-01
-3.154099464416503906e+00,-6.389216184616088867e-01,-8.072309494018554688e-01,4.052276015281677246e-01
-3.544707298278808594e+00,2.329050064086914062e+00,3.489827811717987061e-01,2.197181940078735352e+00
7.506130337715148926e-01,-5.264115333557128906e-01,-2.420238733291625977e+00,2.353216409683227539e+00
-2.703555107116699219e+00,-1.089989185333251953e+00,-1.801115512847900391e+00,1.474893331527709961e+00
-3.643359661102294922e+00,-3.156242072582244873e-01,4.455887675285339355e-01,-2.806073427200317383e-02
-4.098114013671875000e+00,2.789985656738281250e+00,7.423219084739685059e-01,9.340381622314453125e-02
-2.731196641921997070e+00,1.596374273300170898e+00,-1.668990552425384521e-01,1.444967031478881836e+00
8.485790491104125977e-01,-5.486041307449340820e-01,-2.300909042358398438e+00,1.282626271247863770e+00
-2.850832223892211914e+00,-6.477525830268859863e-01,-1.717628121376037598e+00,2.287476062774658203e-01
-1.964491605758666992e+00,-1.760721445083618164e+00,-9.986692667007446289e-01,1.127812266349792480e+00
-1.771704316139221191e+00,-1.819109439849853516e+00,-1.324842810630798340e+00,2.100611686706542969e+00
-2.334262132644653320e+00,4.796094894409179688e-01,5.220226049423217773e-01,7.013629674911499023e-01
-2.218326330184936523e+00,-5.822498798370361328e-01,1.173321127891540527e+00,1.254050731658935547e+00
-5.357937812805175781e+00,2.368927955627441406e+00,1.224706768989562988e+00,7.338510751724243164e-01
-1.142194986343383789e+00,1.266979455947875977e+00,1.866537809371948242e+00,1.428761482238769531e-01
-3.658305168151855469e+00,1.013705611228942871e+00,-1.166486218571662903e-01,1.265981197357177734e+00
-2.774539232254028320e+00,2.577654123306274414e+00,9.429795742034912109e-01,-2.946411371231079102e-01
-2.716904640197753906e+00,2.285518646240234375e+00,1.922531247138977051e+00,9.384306669235229492e-01
-3.208893537521362305e+00,3.258847951889038086e+00,9.819997549057006836e-01,1.401891231536865234e+00
-5.328239440917968750e+00,2.416056632995605469e+00,2.540561437606811523e+00,1.494517803192138672e+00
-3.880630254745483398e+00,1.988567709922790527e-01,1.690839529037475586e-01,5.046095848083496094e-01
-2.410609483718872070e+00,1.610431432723999023e+00,7.856640219688415527e-01,5.426887273788452148e-01
-2.126491069793701172e+00,9.716026782989501953e-01,1.837578296661376953e+00,7.685506343841552734e-02
-5.519431829452514648e-01,-2.861929237842559814e-01,1.293753862380981445e+00,1.251221418380737305e+00
-3.869435548782348633e+00,1.327818036079406738e+00,5.520415306091308594e-01,-6.912347078323364258e-01
-3.210845232009887695e+00,9.549857378005981445e-01,4.245140552520751953e-01,4.382662177085876465e-01
-3.280380010604858398e+00,1.814975023269653320e+00,2.625927448272705078e+00,1.002571821212768555e+00
-9.882173538208007812e-01,1.215795397758483887e+00,5.308403968811035156e-01,3.359540700912475586e-01
-3.949502706527709961e+00,8.662139177322387695e-01,-1.555547595024108887e+00,4.580148458480834961e-01
-4.514064788818359375e-01,8.416919708251953125e-01,1.468067049980163574e+00,-3.286563456058502197e-01
-3.206211090087890625e+00,-1.597771406173706055e+00,1.324789524078369141e+00,7.900971174240112305e-01
-2.863453149795532227e+00,-1.510669738054275513e-01,-1.571539878845214844e+00,2.495827674865722656e+00
-4.208522796630859375e+00,6.047371029853820801e-01,1.187648773193359375e+00,5.948830842971801758e-01
-3.372855186462402344e+00,1.691826105117797852e+00,1.069873347878456116e-01,2.464966773986816406e+00
-4.074567794799804688e+00,1.544609069824218750e+00,2.127270221710205078e+00,-5.600883960723876953e-01
-1.116731286048889160e+00,1.958805561065673828e+00,2.431925833225250244e-01,-2.318157255649566650e-01
-2.381735801696777344e+00,2.033530235290527344e+00,1.780941843986511230e+00,3.121187686920166016e-01
-4.621954917907714844e+00,1.888545989990234375e+00,-1.346309185028076172e-01,-5.296350121498107910e-01
-3.328606843948364258e+00,8.992160558700561523e-01,-1.818791270256042480e+00,1.815023422241210938e+00
-3.692169666290283203e+00,1.723810672760009766e+00,-4.420520663261413574e-01,1.393375039100646973e+00
-3.200881719589233398e+00,1.601174235343933105e+00,1.170237585902214050e-01,1.313430905342102051e+00
-1.478406548500061035e+00,4.663393497467041016e-01,1.900683641433715820e+00,2.679337501525878906e+00
-3.333549261093139648e+00,3.224180340766906738e-01,-1.672700881958007812e+00,-4.776632189750671387e-01
-4.280494689941406250e+00,-5.002559423446655273e-01,-7.505970597267150879e-01,8.494919538497924805e-01
-4.882720947265625000e+00,2.106976032257080078e+00,2.468939542770385742e+00,1.101012825965881348e+00
-4.556990623474121094e+00,1.715256690979003906e+00,6.581486016511917114e-02,7.284204959869384766e-01
-5.597609877586364746e-01,1.927571535110473633e+00,-9.395453929901123047e-01,2.108912944793701172e+00
-2.950616359710693359e+00,-1.164921522140502930e+00,1.849918603897094727e+00,1.113133907318115234e+00
-2.536237716674804688e+00,2.196307897567749023e+00,1.910689949989318848e+00,2.031087875366210938e+00
-2.881093263626098633e+00,-1.452521234750747681e-01,2.640764713287353516e-01,-1.470554471015930176e-01
-4.332357406616210938e+00,1.211194753646850586e+00,5.849339962005615234e-01,-2.637705206871032715e-01
-2.125064849853515625e+00,-1.373961567878723145e+00,-1.702310204505920410e+00,1.383041501045227051e+00
-3.090378999710083008e+00,1.366287350654602051e+00,1.638959407806396484e+00,2.532767772674560547e+00
-2.662195920944213867e+00,5.153028964996337891e-01,1.215950846672058105e+00,-1.322335600852966309e-01
-2.951473474502563477e+00,2.137761831283569336e+00,2.353146314620971680e+00,4.667428731918334961e-01
-3.872604131698608398e+00,3.651047945022583008e+00,2.165930032730102539e+00,-8.152782917022705078e-03
-3.125900745391845703e+00,1.509781837463378906e+00,1.945658922195434570e+00,2.752976417541503906e-01
-3.963729143142700195e+00,6.729836463928222656e-01,1.572625637054443359e-01,-2.801487147808074951e-01
-3.042382955551147461e+00,2.148916006088256836e+00,9.279036521911621094e-01,1.427650451660156250e-01
-1.380507111549377441e+00,1.269878149032592773e-01,1.931251287460327148e-01,1.915800571441650391e+00
1.108130693435668945e+00,-1.433285951614379883e+00,1.790918111801147461e-01,2.361105203628540039e+00
-2.768163919448852539e+00,1.408696293830871582e+00,9.271514415740966797e-01,1.468662023544311523e+00
-2.527150392532348633e+00,6.631867885589599609e-01,9.335829019546508789e-01,6.862927675247192383e-01
-2.874020814895629883e+00,9.642307758331298828e-01,6.880229115486145020e-01,1.087016105651855469e+00
-3.171799659729003906e+00,3.486590623855590820e+00,1.704882264137268066e+00,1.675445795059204102e+00
-5.152505874633789062e+00,3.276401758193969727e-01,-7.208752632141113281e-02,3.470827341079711914e-01
-3.933268189430236816e-01,-9.369705319404602051e-01,-1.376472949981689453e+00,2.385424971580505371e-01
-2.177462339401245117e+00,1.747832059860229492e+00,-8.094305396080017090e-01,6.012560129165649414e-01
-1.112326502799987793e+00,3.049293756484985352e-01,-7.991100549697875977e-01,1.111475825309753418e-01
-2.535077810287475586e+00,1.854228019714355469e+00,2.194628477096557617e+00,-4.064420759677886963e-01
-3.168119192123413086e+00,6.099941730499267578e-01,-8.621436357498168945e-01,3.417899370193481445e+00
-2.544486761093139648e+00,1.381140470504760742e+00,2.616260528564453125e+00,8.410062789916992188e-01
-1.977642774581909180e+00,9.820971488952636719e-01,1.201766729354858398e+00,1.393469452857971191e+00
-2.491001784801483154e-01,9.291054010391235352e-01,5.490317344665527344e-01,8.047000169754028320e-01
-3.588215827941894531e+00,-5.448657274246215820e-01,-7.291006445884704590e-01,8.584238290786743164e-01
-1.462083578109741211e+00,-8.579677343368530273e-02,1.192173436284065247e-01,2.765923738479614258e-01
-3.790047168731689453e+00,1.122361779212951660e+00,2.150144100189208984e+00,5.611997842788696289e-01
-4.450777173042297363e-02,-1.471123337745666504e+00,8.707774877548217773e-01,1.302226901054382324e+00
-2.543674468994140625e+00,-1.166842579841613770e+00,-1.310744166374206543e+00,1.776298284530639648e+00
-8.138135075569152832e-01,-8.248816728591918945e-01,-4.834246933460235596e-01,1.189817428588867188e+00
-2.062066555023193359e+00,1.724102973937988281e+00,1.014052987098693848e+00,-1.272194087505340576e-01
-5.333239555358886719e+00,-1.226766705513000488e-01,-1.213702410459518433e-01,-2.903377711772918701e-01
-5.821069717407226562e+00,7.184510231018066406e-01,3.235031366348266602e-01,4.212753176689147949e-01
-4.268830299377441406e+00,2.172744035720825195e+00,1.515613436698913574e+00,1.031715512275695801e+00
-2.809750080108642578e+00,9.120995998382568359e-01,-5.266724228858947754e-01,1.362509131431579590e+00
-3.297135829925537109e+00,9.366983175277709961e-01,1.009139060974121094e+00,-1.008058309555053711e+00
7.609501481056213379e-02,-1.805987596511840820e+00,5.066159367561340332e-01,1.172688961029052734e+00
-2.629760742187500000e+00,2.072343826293945312e+00,6.444259285926818848e-01,-9.164828062057495117e-02
-6.564888000488281250e+00,1.981484651565551758e+00,3.243893146514892578e+00,-4.570500552654266357e-01
-8.900265693664550781e-01,6.745882034301757812e-01,1.511771917343139648e+00,1.350911021232604980e+00
-4.816176414489746094e+00,-2.257436811923980713e-01,2.307081937789916992e+00,1.199673295021057129e+00
-3.577923774719238281e+00,3.080640792846679688e+00,-3.489333763718605042e-02,-1.138280630111694336e-01
-7.141920089721679688e+00,1.306323647499084473e+00,1.337094306945800781e+00,-4.462224841117858887e-01
-1.309105038642883301e+00,1.036826670169830322e-01,-1.736949324607849121e+00,8.036991357803344727e-01
-2.943932771682739258e+00,3.904814481735229492e+00,2.064336299896240234e+00,1.972906589508056641e+00
-2.145561933517456055e+00,-2.230376154184341431e-01,-1.072067618370056152e+00,5.750082731246948242e-01
-5.638157844543457031e+00,2.841633081436157227e+00,1.344558954238891602e+00,5.420113801956176758e-01
-4.086863517761230469e+00,7.654275894165039062e-01,1.516937613487243652e-01,3.793082237243652344e-01
-2.241685628890991211e+00,1.264596462249755859e+00,-1.700606226921081543e+00,2.520207166671752930e-01
-4.055428504943847656e+00,6.924284696578979492e-01,-3.119610995054244995e-02,7.008453607559204102e-01
-3.804138898849487305e+00,-5.337566137313842773e-01,4.871069192886352539e-01,3.182744979858398438e-01
-2.936996698379516602e+00,1.207330822944641113e+00,1.272550225257873535e+00,-7.452695369720458984e-01
-3.823028326034545898e+00,1.714134931564331055e+00,8.168854117393493652e-01,-6.724448800086975098e-01
-1.093420743942260742e+00,6.793951988220214844e-02,2.278840065002441406e+00,8.510674238204956055e-01
-3.121678113937377930e+00,5.848170280456542969e+00,2.201868057250976562e+00,1.314984917640686035e+00
-3.233845233917236328e+00,1.006750226020812988e+00,-1.837759017944335938e-01,-2.505339086055755615e-01
-5.730178833007812500e+00,1.027936100959777832e+00,1.557995796203613281e+00,1.179068922996520996e+00
-3.563278436660766602e+00,1.211734771728515625e+00,1.855236768722534180e+00,-4.660361409187316895e-01
-4.356150627136230469e+00,1.381331801414489746e+00,7.252926826477050781e-01,1.105831384658813477e+00
-9.233278036117553711e-02,-2.072074860334396362e-01,-1.323765516281127930e+00,1.268519163131713867e-01
-4.112390518188476562e+00,3.298946142196655273e+00,1.625706553459167480e+00,-5.809223651885986328e-01
1.547062635421752930e+00,6.311557888984680176e-01,2.721620500087738037e-01,2.172229290008544922e+00
-3.622756958007812500e+00,1.985033273696899414e+00,2.198113918304443359e+00,-9.649217128753662109e-01
-6.810649037361145020e-01,1.153115868568420410e+00,-6.416704654693603516e-01,-2.442879378795623779e-01
-5.006573677062988281e+00,-3.941649794578552246e-01,-4.005790054798126221e-01,-2.134439945220947266e-01
-3.670949220657348633e+00,3.503388166427612305e-01,1.233974933624267578e+00,6.297625303268432617e-01
-7.569882273674011230e-01,4.056597948074340820e-01,-8.149772286415100098e-01,7.415044307708740234e-01
-1.355330944061279297e+00,-5.981424450874328613e-01,-1.000254631042480469e+00,-1.601612865924835205e-01
-3.106434583663940430e+00,2.554702520370483398e+00,6.723142862319946289e-01,1.298328399658203125e+00
-2.409223079681396484e+00,-1.913658827543258667e-01,5.668488740921020508e-01,8.313993215560913086e-01
-3.807222366333007812e+00,5.769348740577697754e-01,1.952729940414428711e+00,8.352991342544555664e-01
-1.445112943649291992e+00,1.567760229110717773e+00,6.573138386011123657e-02,1.113906383514404297e+00
-3.103207826614379883e+00,-1.104035377502441406e+00,1.459521949291229248e-01,7.200512886047363281e-01
-1.381893515586853027e+00,1.172314524650573730e+00,-1.294571161270141602e+00,1.639061927795410156e+00
-3.478147685527801514e-01,2.127845883369445801e-01,1.386049151420593262e+00,2.082855939865112305e+00
-2.578035831451416016e+00,-1.303245306015014648e+00,-5.866256356239318848e-01,2.525820136070251465e-01
-2.456823110580444336e+00,6.394243240356445312e-02,1.867227852344512939e-01,4.118008613586425781e-01
-2.122318983078002930e+00,8.374781608581542969e-01,-1.902047693729400635e-01,2.542054414749145508e+00
-1.957093477249145508e+00,-2.125650405883789062e+00,4.319843649864196777e-01,8.603221178054809570e-01
-2.845519781112670898e+00,1.007513761520385742e+00,-1.419941484928131104e-01,-5.100629329681396484e-01
-2.613333940505981445e+00,2.872268676757812500e+00,2.063670873641967773e+00,1.157464385032653809e+00
-2.387390851974487305e+00,-1.507439851760864258e+00,-2.081559598445892334e-01,4.179880023002624512e-01
-4.221324920654296875e+00,1.766623735427856445e+00,-4.099504351615905762e-01,-9.509774446487426758e-01
-3.826646804809570312e+00,-1.071714907884597778e-01,-4.879012405872344971e-01,6.033575534820556641e-01
-1.814233779907226562e+00,1.274098634719848633e+00,1.409478783607482910e-01,-2.853882610797882080e-01
-2.998523950576782227e+00,-5.321593284606933594e-01,-2.029660463333129883e+00,5.103684663772583008e-01
-3.516646146774291992e+00,1.102582573890686035e+00,1.202628493309020996e+00,1.965386152267456055e+00
-4.837854385375976562e+00,1.147461414337158203e+00,-1.782783985137939453e+00,5.934441089630126953e-02
-2.349667072296142578e+00,4.839111566543579102e-01,-1.679131150245666504e+00,9.749865531921386719e-01
-2.180027008056640625e+00,3.898105382919311523e+00,1.166384339332580566e+00,-6.212770938873291016e-02
-5.520876884460449219e+00,2.220129966735839844e+00,4.377993345260620117e-01,1.619797348976135254e-01
-3.811299324035644531e+00,3.057798862457275391e+00,7.471043616533279419e-02,6.047084331512451172e-01
-3.864618062973022461e+00,1.106026291847229004e+00,-5.518765449523925781e-01,2.155308008193969727e+00
-4.441813468933105469e+00,3.068814277648925781e+00,2.844784498214721680e+00,8.108669519424438477e-01
-7.417466163635253906e+00,1.771191835403442383e+00,1.790820360183715820e+00,-9.596166014671325684e-02
-4.114346504211425781e+00,1.556358456611633301e+00,1.302228212356567383e+00,7.497125864028930664e-02
-1.359433531761169434e+00,1.153418183326721191e+00,1.114110589027404785e+00,8.675694465637207031e-03
-7.160925865173339844e-01,-6.079342365264892578e-01,2.086857318878173828e+00,3.478734493255615234e-01
6.876181364059448242e-01,-1.723783016204833984e+00,-2.199584245681762695e+00,1.933542013168334961e+00
-4.057433128356933594e+00,2.138452291488647461e+00,4.135934114456176758e-01,1.246196031570434570e+00
-1.688476324081420898e+00,-3.555130958557128906e-02,-1.729470491409301758e-01,4.289314746856689453e-01
-6.312912106513977051e-01,-4.040388464927673340e-01,8.245905637741088867e-01,1.146743535995483398e+00
-3.947136640548706055e+00,1.902956724166870117e+00,2.170241355895996094e+00,1.256394982337951660e-01
-4.525048255920410156e+00,2.012564897537231445e+00,1.872616529464721680e+00,-6.170785427093505859e-01
-4.161481857299804688e+00,1.630720138549804688e+00,6.359386444091796875e-01,-9.735420942306518555e-01
-3.199302673339843750e+00,1.875568151473999023e+00,-3.000444471836090088e-01,-9.079343080520629883e-02
-3.776694059371948242e+00,4.478846549987792969e+00,2.774101018905639648e+00,1.860608816146850586e+00
-2.057243824005126953e+00,-6.701955199241638184e-02,-2.207918763160705566e-01,2.918883562088012695e-01
-2.697638273239135742e+00,1.755040407180786133e+00,4.782543182373046875e-01,-3.236891627311706543e-01
-1.740962386131286621e+00,5.384380221366882324e-01,-1.904149949550628662e-01,1.372018456459045410e-01
-3.291533231735229492e+00,3.996706247329711914e+00,2.228403329849243164e+00,1.500010967254638672e+00
-5.034860968589782715e-01,-1.246406316757202148e+00,4.514215886592864990e-02,4.728887081146240234e-01
-1.303890466690063477e+00,-7.101647853851318359e-01,1.344277381896972656e+00,1.509776592254638672e+00
-3.976945161819458008e+00,3.125492811203002930e+00,1.462220400571823120e-02,1.445328950881958008e+00
-1.577389121055603027e+00,-9.127755761146545410e-01,9.017893671989440918e-01,5.753996372222900391e-01
-2.729028940200805664e+00,1.338246583938598633e+00,2.292376756668090820e-01,6.623550653457641602e-01
-3.060651779174804688e+00,2.988805055618286133e+00,2.443551778793334961e+00,-9.428622722625732422e-01
-2.861544370651245117e+00,1.287565827369689941e+00,3.386423349380493164e+00,1.556902170181274414e+00
-4.533540725708007812e+00,2.860238552093505859e+00,3.342419624328613281e+00,5.490323305130004883e-01
-2.273718118667602539e+00,-5.593801736831665039e-01,-2.105352282524108887e-01,4.831030368804931641e-01
-2.988337516784667969e+00,-1.035074949264526367e+00,-2.563492357730865479e-01,9.170869588851928711e-01
-4.977222442626953125e+00,1.878480672836303711e+00,1.573891997337341309e+00,-4.319465756416320801e-01
-4.315690040588378906e+00,3.503966808319091797e+00,3.078834295272827148e+00,1.574041843414306641e-01
-4.280750274658203125e+00,2.523236513137817383e+00,1.566218852996826172e+00,-4.963416159152984619e-01
-2.330417633056640625e+00,-6.565653085708618164e-01,-8.297631144523620605e-01,-5.443173646926879883e-01
-9.455634355545043945e-01,2.303853631019592285e-01,4.884586930274963379e-01,8.688122034072875977e-01
-2.471666812896728516e+00,9.519203901290893555e-01,5.237053036689758301e-01,1.193324685096740723e+00
-5.507990837097167969e+00,3.082711100578308105e-01,1.334680438041687012e+00,9.676867723464965820e-02
-3.579774141311645508e+00,1.074609637260437012e+00,7.805851101875305176e-01,4.636237621307373047e-01
-5.868335723876953125e+00,1.232463955879211426e+00,3.106237053871154785e-01,-1.491924524307250977e+00
-2.613991975784301758e+00,3.490787506103515625e+00,1.800145626068115234e+00,-1.160607337951660156e+00
-2.818068742752075195e+00,7.581195831298828125e-01,-1.368197798728942871e+00,9.011977910995483398e-01
-3.119513273239135742e+00,1.718091964721679688e-01,-3.416707515716552734e-01,6.016896963119506836e-01
-2.318499565124511719e+00,2.952802658081054688e+00,1.662334442138671875e+00,4.920480251312255859e-01
-5.325569152832031250e+00,-2.083584666252136230e-02,1.519788146018981934e+00,8.533507585525512695e-02
-2.940387725830078125e+00,3.390872478485107422e-02,1.290119886398315430e-01,7.304564714431762695e-01
-1.948615550994873047e+00,-9.398931860923767090e-01,6.939177960157394409e-02,9.807983636856079102e-01
-3.659802675247192383e+00,2.101146221160888672e+00,-5.248146653175354004e-01,-1.304370880126953125e+00
-2.379775762557983398e+00,-1.343539953231811523e+00,-5.975057482719421387e-01,4.801136255264282227e-02
-3.171335458755493164e+00,6.607414484024047852e-01,2.102599859237670898e+00,3.851371407508850098e-01
-3.640565395355224609e+00,-1.079367280006408691e+00,2.111511945724487305e+00,3.325256705284118652e-01
-3.886770009994506836e+00,7.422523498535156250e-01,5.468292832374572754e-01,-3.613328933715820312e-02
-2.652315855026245117e+00,-1.854426980018615723e+00,1.640720963478088379e-01,9.779802560806274414e-01
-2.765468358993530273e+00,-2.120656073093414307e-01,2.087277770042419434e-01,7.736865282058715820e-01
-4.089166641235351562e+00,2.001860857009887695e+00,9.042668342590332031e-01,2.679997086524963379e-01
-2.177658796310424805e+00,2.419078826904296875e+00,2.114940583705902100e-01,-1.190623939037322998e-01
-1.348079800605773926e+00,4.398902058601379395e-01,-8.653826713562011719e-01,4.003459215164184570e-02
-5.440335273742675781e+00,1.929929494857788086e+00,2.043821334838867188e+00,1.766618251800537109e+00
-1.388260006904602051e+00,4.086988449096679688e+00,1.071152925491333008e+00,1.300075888633728027e+00
-2.554115295410156250e+00,2.463721275329589844e+00,1.242220625281333923e-01,9.774643182754516602e-01
-1.159671664237976074e+00,1.057473063468933105e+00,2.689574718475341797e+00,4.499804973602294922e-01
-3.424715280532836914e+00,1.755076646804809570e+00,1.607958555221557617e+00,4.717204570770263672e-01
-1.864724636077880859e+00,8.878747224807739258e-01,1.179388403892517090e+00,8.242775201797485352e-01
-8.496039509773254395e-01,1.771340370178222656e-01,9.583286195993423462e-02,6.283693313598632812e-01
-2.923657655715942383e+00,1.085071682929992676e+00,3.650761842727661133e-01,-9.124690294265747070e-02
-5.667513847351074219e+00,3.068589925765991211e+00,2.520874023437500000e+00,-1.711714029312133789e+00
-3.869431734085083008e+00,1.363061547279357910e+00,9.503616094589233398e-01,-4.327901601791381836e-01
-4.800006866455078125e+00,1.112302303314208984e+00,-2.507156133651733398e-01,2.167863845825195312e+00
-9.216116666793823242e-01,1.711406946182250977e+00,1.917297482490539551e+00,-1.226062178611755371e-01
-2.797523975372314453e+00,-1.025679588317871094e+00,9.014998078346252441e-01,-2.825705409049987793e-01
-3.099258899688720703e+00,-5.905525088310241699e-01,-3.623614549636840820e+00,1.437641620635986328e+00
-3.300371646881103516e+00,2.369893550872802734e+00,2.322870969772338867e+00,2.539352178573608398e-01
-1.011992812156677246e+00,1.010581970214843750e+00,1.861741781234741211e+00,1.293626785278320312e+00
-6.632486343383789062e+00,6.177953481674194336e-01,1.824996769428253174e-01,3.574506044387817383e-01
-2.776840686798095703e+00,2.680593132972717285e-01,1.697649598121643066e+00,1.106292128562927246e+00
-4.489431381225585938e+00,1.683716535568237305e+00,2.856555223464965820e+00,-7.420963048934936523e-01
-4.499652862548828125e+00,2.744522571563720703e+00,2.105758905410766602e+00,-5.521076917648315430e-02
-6.093108177185058594e+00,2.301161050796508789e+00,3.406886339187622070e+00,-1.215969324111938477e-01
-2.757477998733520508e+00,-2.258021533489227295e-01,-1.363849639892578125e+00,1.267935156822204590e+00
-3.970502138137817383e+00,-2.018919706344604492e+00,-2.381059646606445312e+00,1.079499840736389160e+00
-3.940983057022094727e+00,2.598031044006347656e+00,2.855256319046020508e+00,-2.904402315616607666e-01
-4.460030555725097656e+00,3.513496398925781250e+00,1.598194718360900879e+00,1.701124668121337891e+00
-1.480405569076538086e+00,1.573419928550720215e+00,9.939984083175659180e-01,1.877643346786499023e+00
-2.333091020584106445e+00,-1.293984532356262207e+00,-2.493233203887939453e+00,1.442907333374023438e+00
-2.720120191574096680e+00,-2.080821394920349121e-01,-1.211046338081359863e+00,8.594316244125366211e-01
-1.955720424652099609e+00,1.321491479873657227e+00,-2.127643525600433350e-01,-4.454762041568756104e-01
-3.363665580749511719e+00,2.206760883331298828e+00,2.709236383438110352e+00,-5.546325445175170898e-02
-1.196834206581115723e+00,3.024109125137329102e+00,1.429504036903381348e+00,-4.594510793685913086e-01
-2.822069406509399414e+00,2.789883136749267578e+00,1.549266219139099121e+00,-3.843539655208587646e-01
-3.676818132400512695e+00,3.188780307769775391e+00,2.833272218704223633e+00,1.565020799636840820e+00
-1.282886981964111328e+00,5.396953225135803223e-01,1.485397517681121826e-01,4.791295528411865234e-01
-9.459263086318969727e-02,-2.249224662780761719e+00,-1.722502827644348145e+00,2.006384849548339844e+00
-3.727254867553710938e+00,9.664878845214843750e-01,1.679054796695709229e-01,3.485246300697326660e-01
-4.647310256958007812e+00,1.944882154464721680e+00,9.880411624908447266e-01,-8.995564579963684082e-01
-4.353785514831542969e+00,2.490913391113281250e+00,3.142277002334594727e+00,1.567664861679077148e+00
-2.087115049362182617e+00,2.216384410858154297e-01,-1.609382033348083496e+00,5.612051486968994141e-02
-2.456547021865844727e+00,-6.448687911033630371e-01,7.962112426757812500e-01,1.030729413032531738e-01
-3.072307348251342773e+00,7.908275127410888672e-01,2.866970539093017578e+00,1.224401831626892090e+00
-4.139667510986328125e+00,2.429449796676635742e+00,2.324677944183349609e+00,8.653737306594848633e-01
-4.148311614990234375e+00,1.127919673919677734e+00,-1.028377771377563477e+00,-3.480179309844970703e-01
-3.724110841751098633e+00,-6.746681928634643555e-01,9.288191795349121094e-01,-6.137878298759460449e-01
-3.242482900619506836e+00,2.994892597198486328e+00,2.400856256484985352e+00,-7.776074409484863281e-01
-2.208508968353271484e+00,-6.415018439292907715e-01,8.567633479833602905e-02,5.599514245986938477e-01
-2.258217334747314453e+00,-2.866627573966979980e-01,-1.043091893196105957e+00,1.234745025634765625e+00
-4.084623336791992188e+00,1.561240077018737793e+00,4.048941135406494141e-01,-3.064048290252685547e-02
-2.083816289901733398e+00,6.864444017410278320e-01,1.663563013076782227e+00,-6.450116634368896484e-03
-2.847855329513549805e+00,-7.392993569374084473e-01,4.871305227279663086e-01,4.132540225982666016e-01
-6.377901434898376465e-01,-8.674764633178710938e-01,7.150338292121887207e-01,5.479775667190551758e-01
-3.141272544860839844e+00,-2.459815144538879395e-02,-1.064125537872314453e+00,2.498675584793090820e-01
-4.201744079589843750e+00,7.378689050674438477e-01,7.720995694398880005e-02,2.126724720001220703e-01
-7.594638466835021973e-01,1.471271514892578125e-01,-9.746255874633789062e-01,7.864139080047607422e-01
3.250451326370239258e+00,-2.645986080169677734e+00,-3.988589048385620117e+00,3.055456876754760742e+00
-6.283771991729736328e-01,-1.004270553588867188e+00,-9.669719934463500977e-01,5.851244926452636719e-01
-2.555133998394012451e-01,3.579816818237304688e-01,-1.175361871719360352e+00,3.284455537796020508e+00
-2.912435531616210938e+00,1.193981766700744629e+00,-7.099895477294921875e-01,5.229803323745727539e-01
-1.976019859313964844e+00,-8.708892464637756348e-01,-7.008708715438842773e-01,4.494588375091552734e-01
-1.840757012367248535e+00,2.029156208038330078e+00,2.403077185153961182e-01,1.632915019989013672e+00
-2.645876884460449219e+00,-6.367687582969665527e-01,1.785558342933654785e+00,5.708445310592651367e-01
-3.401252508163452148e+00,-1.652651667594909668e+00,1.226514577865600586e+00,3.377356529235839844e-01
-4.795065879821777344e+00,1.321410417556762695e+00,7.871410846710205078e-01,-5.947365760803222656e-01
4.251466393470764160e-01,-4.700604081153869629e-01,-9.617041349411010742e-01,2.480711340904235840e-01
-1.735701203346252441e+00,1.846577882766723633e+00,-2.142833232879638672e+00,2.566074132919311523e+00
-2.400397300720214844e+00,1.626241683959960938e+00,1.951641798019409180e+00,-1.826858520507812500e-01
-2.688528299331665039e+00,2.063837647438049316e-01,1.287436783313751221e-01,-5.868447422981262207e-01
-2.524003982543945312e+00,1.906018257141113281e+00,-2.112063169479370117e-01,1.070866346359252930e+00
-5.291992187500000000e+00,8.644580841064453125e-02,5.904619693756103516e-01,1.575547456741333008e-02
-4.330861091613769531e+00,3.537476658821105957e-01,2.303620815277099609e+00,-4.678190350532531738e-01
-4.341032981872558594e+00,1.919182062149047852e+00,9.040013551712036133e-01,-1.824057698249816895e-01
-3.599923133850097656e+00,7.820074558258056641e-01,8.910912275314331055e-01,-4.905757308006286621e-01
-2.520074844360351562e+00,-6.794528365135192871e-01,-8.590561151504516602e-01,8.423650264739990234e-01
-2.061147928237915039e+00,1.252158164978027344e+00,1.240471601486206055e+00,1.893007993698120117e+00
-1.350713372230529785e-01,-2.616312801837921143e-01,-1.988270401954650879e+00,2.379122257232666016e+00
-5.773009657859802246e-01,-6.996078491210937500e-01,6.102563738822937012e-01,9.323060512542724609e-01
-2.799504041671752930e+00,1.227945208549499512e+00,-1.423745006322860718e-01,1.646390438079833984e+00
-5.690523982048034668e-01,2.936819195747375488e-01,8.975306153297424316e-01,2.271819710731506348e-01
2.286442816257476807e-01,5.665698051452636719e-01,-1.006211757659912109e+00,2.698119401931762695e+00
-4.522813796997070312e+00,1.598740100860595703e+00,3.130181789398193359e+00,6.252126693725585938e-01
-1.928978204727172852e+00,7.919813394546508789e-01,1.607756137847900391e+00,8.442567586898803711e-01
-2.618689060211181641e+00,-1.420061111450195312e+00,-6.356967091560363770e-01,8.037303686141967773e-01
-2.682023525238037109e+00,5.593935847282409668e-01,2.126944780349731445e+00,9.421328306198120117e-01
-4.559985160827636719e+00,1.108663797378540039e+00,2.563612461090087891e-01,1.362531781196594238e+00
-5.491862297058105469e+00,2.949368000030517578e+00,3.855044841766357422e+00,-9.352039098739624023e-01
-2.415522575378417969e+00,1.317835807800292969e+00,1.486002802848815918e-01,2.475374937057495117e-02
-3.166615664958953857e-01,7.462515830993652344e-01,2.145704746246337891e+00,2.037529349327087402e-01
-3.417843818664550781e+00,3.027795791625976562e+00,2.729164838790893555e+00,-4.902939498424530029e-01
-3.824628591537475586e+00,1.777399778366088867e+00,1.730377435684204102e+00,2.018818259239196777e-01
-2.961885452270507812e+00,8.258625268936157227e-01,2.353362083435058594e+00,1.377772212028503418e+00
-3.730867147445678711e+00,2.127699851989746094e+00,3.039429187774658203e+00,3.806632757186889648e-01
-1.176721334457397461e+00,-8.027825355529785156e-01,2.502715587615966797e-01,1.624531745910644531e+00
-5.985610961914062500e+00,2.831016182899475098e-01,1.327874302864074707e+00,1.028751969337463379e+00
-2.230975151062011719e+00,-5.777298212051391602e-01,-9.004694819450378418e-01,-6.121764183044433594e-01
-4.804577827453613281e+00,1.691201448440551758e+00,9.778224229812622070e-01,-2.586701214313507080e-01
-2.604823827743530273e+00,2.585679531097412109e+00,2.902361869812011719e+00,-2.158412635326385498e-01
-6.380145072937011719e+00,3.245628595352172852e+00,2.639464616775512695e+00,3.158294558525085449e-01
-2.561462879180908203e+00,-1.307344436645507812e-01,1.936583757400512695e+00,-7.094803452491760254e-02
-1.914455652236938477e+00,-6.632161736488342285e-01,-1.992894887924194336e+00,3.572089672088623047e+00
-2.918960094451904297e+00,-3.820853233337402344e-01,-2.685889244079589844e+00,1.546398401260375977e+00
-1.868852376937866211e+00,1.337669491767883301e+00,6.031956076622009277e-01,1.330382347106933594e+00
-1.819951653480529785e+00,1.504079103469848633e+00,-1.899284362792968750e+00,1.481506586074829102e+00
-4.735198020935058594e+00,7.208522558212280273e-01,5.932695269584655762e-01,1.893748760223388672e+00
-1.212539434432983398e+00,-1.559360772371292114e-01,1.120633482933044434e+00,1.110244512557983398e+00
-4.649254798889160156e+00,2.035506010055541992e+00,6.115539669990539551e-01,1.981392621994018555e+00
-6.396646499633789062e-01,7.592017650604248047e-01,-1.400282084941864014e-01,2.393917083740234375e+00
-2.486287593841552734e+00,4.533025622367858887e-02,6.910440921783447266e-01,-4.634640812873840332e-01
-3.089356422424316406e+00,-1.362671017646789551e+00,4.849132895469665527e-01,1.333849191665649414e+00
-3.101006984710693359e+00,5.798763632774353027e-01,7.353878617286682129e-01,5.210829973220825195e-01
-1.741010785102844238e+00,-2.158167958259582520e-01,9.597809314727783203e-01,2.082771062850952148e+00
