version https://git-lfs.github.com/spec/v1
oid sha256:9fd55bf964eef05fc01418a06ab31be659d01dba38975052b53225ecf299e7df
size 277464
