version https://git-lfs.github.com/spec/v1
oid sha256:512af74df536249727556cc7aca0708af02b4bf8c93a0b09e8e9faecbb027c1b
size 25000
