version https://git-lfs.github.com/spec/v1
oid sha256:f55b2adcc7728a9c323d7d46393d2f605680cc244f2749626699ccfe57f30a03
size 277512
