version https://git-lfs.github.com/spec/v1
oid sha256:1dfccdb332eaa5c73a2e70388edcb9d1eeabb4d56041a4d7106fb9de833b409a
size 25000
