version https://git-lfs.github.com/spec/v1
oid sha256:78075b93dbed5705bb3403749c853433881b5d0bb114adba07af4b3e8e32201d
size 277462
