version https://git-lfs.github.com/spec/v1
oid sha256:85702a72c40f9edcacf33f17fb8d907de613bff1279464f81f3b6d0a97efe8a1
size 277547
