version https://git-lfs.github.com/spec/v1
oid sha256:4bb07333e0871f1ef178e635f51dfecbb2f694853adad9b1a493694e0656429d
size 26000
