version https://git-lfs.github.com/spec/v1
oid sha256:f891e270edbf3f12e83632e61dc673c31e109c75fae18b8b4d1de85f0240e7c3
size 25000
