version https://git-lfs.github.com/spec/v1
oid sha256:b91ab06eef28c7aa9b52ccadb9b9f1dccfab0b7e8bcedae7b8f905753e09a366
size 26000
