version https://git-lfs.github.com/spec/v1
oid sha256:0b36ea35ab74f7cbad923c6357249ad510e194d5565acf4862cf4bc18470b32f
size 277529
