version https://git-lfs.github.com/spec/v1
oid sha256:9f7e94cecdca4d99b3932b36a9c33ea90f09c3548fd2541ea58b97c21322fcb1
size 277497
