version https://git-lfs.github.com/spec/v1
oid sha256:a4a72d4efe557bbe0026a0d1e4e69f5a297cb60fbfd017cfef2687ef81eb065e
size 25000
