version https://git-lfs.github.com/spec/v1
oid sha256:39969d5f696be8ba208d23677676bf70cb6b1d7c9fb78c2d5264132991fb2dc7
size 26000
