version https://git-lfs.github.com/spec/v1
oid sha256:0b5652c6911de30e33c94080fb5b6d0a4a278ad7f1d021cf232d07e9ca6b5b90
size 277540
