version https://git-lfs.github.com/spec/v1
oid sha256:eb8d3881216465ec091f37e5194cf55fbb9baecb23fae040cb46a80c6a77c56e
size 26000
